long.t Lactobacillus_iners Lactobacillus_crispatus Lactobacillus_jensenii Lactobacillus_gasseri Gardnerella_vaginalis g_Megasphaera g_Gemella g_Leptotrichia g_Parvimonas Atopobium_vaginae Prevotella_buccalis Prevotella_bivia g_Dialister g_Mobiluncus
0.000000e+00 3.283756e+06 1.525042e+09 1.071268e+06 5.547675e+05 1.096705e+05 4.112350e-05 1.606915e-14 2.220446e-16 2.175976e-10 7.350810e-08 1.652642e-04 1.599614e+03 3.184211e+05 3.498783e-04
1.000000e+00 3.461705e+06 1.525654e+09 1.117882e+06 5.547687e+05 1.096706e+05 7.502245e-05 1.610313e-14 2.220446e-16 2.316381e-10 7.350870e-08 2.023258e-04 7.013623e-04 3.184080e+05 6.710432e+01
2.000000e+00 3.596638e+06 1.526451e+09 1.277790e+06 5.547729e+05 1.096707e+05 4.106892e-05 1.618578e-14 2.220446e-16 4.042968e-10 7.346662e-08 5.339785e-04 4.081666e+03 3.184465e+05 8.642825e+01
3.000000e+00 3.599388e+06 1.525896e+09 1.076298e+06 5.547702e+05 1.096707e+05 4.056701e-05 1.631782e-14 2.220446e-16 1.132991e-09 7.346515e-08 6.657174e-05 9.278000e+00 3.184270e+05 3.385056e-01
4.000000e+00 3.699876e+06 1.525190e+09 1.156394e+06 5.547705e+05 1.096708e+05 7.281507e-05 1.650051e-14 2.220446e-16 1.719115e-11 7.350894e-08 2.052638e-04 4.569735e+03 3.183513e+05 1.217624e+01
5.000000e+00 3.531867e+06 1.524724e+09 1.054782e+06 5.547688e+05 1.096708e+05 4.021816e-05 1.673561e-14 2.220446e-16 7.849932e-09 7.346252e-08 1.890146e-02 8.245167e+04 3.183985e+05 2.161120e+02
6.000000e+00 3.865462e+06 1.525870e+09 1.122895e+06 5.547700e+05 1.096709e+05 7.114952e-05 1.702544e-14 2.220446e-16 1.450675e-10 7.350619e-08 2.168965e-03 1.372073e+05 3.183942e+05 1.359118e+03
7.000000e+00 3.982779e+06 1.525364e+09 1.079899e+06 5.547688e+05 1.096709e+05 3.886704e-05 1.737292e-14 2.220446e-16 2.001889e-08 7.345894e-08 5.849647e-03 1.487588e+05 3.183744e+05 5.558569e+03
8.000000e+00 3.907319e+06 1.524894e+09 1.042920e+06 5.547692e+05 1.096709e+05 6.967707e-05 1.778160e-14 2.220446e-16 3.412194e-08 7.345696e-08 1.264310e-02 2.483736e+05 3.184150e+05 2.179200e+04
9.000000e+00 3.972019e+06 1.524950e+09 9.678673e+05 5.547669e+05 1.096708e+05 6.922683e-05 1.825576e-14 2.220446e-16 1.022694e-07 7.349750e-08 1.245121e-02 2.187631e+05 3.183513e+05 2.583302e+04
1.000000e+01 4.237079e+06 1.524898e+09 9.209271e+05 5.547655e+05 1.096708e+05 6.926723e-05 1.880046e-14 2.220446e-16 4.745504e-09 7.349398e-08 4.563726e-01 4.123086e+05 3.183457e+05 8.583360e+04
1.100000e+01 4.305043e+06 1.523725e+09 9.146439e+05 5.547632e+05 1.096708e+05 6.979896e-05 8.842272e-15 2.220446e-16 1.043143e-08 7.349159e-08 2.252965e-02 2.575964e+05 3.183039e+05 1.007365e+05
1.200000e+01 4.428781e+06 1.526228e+09 8.692024e+05 5.547638e+05 1.096707e+05 4.019333e-05 9.218401e-15 2.220446e-16 8.753285e-09 7.344459e-08 3.506670e-02 3.007422e+05 3.183225e+05 1.275934e+05
1.300000e+01 4.459070e+06 1.525483e+09 8.874169e+05 5.547638e+05 1.096706e+05 4.074365e-05 1.888396e-14 2.220446e-16 3.251497e-07 7.348728e-08 1.372990e+00 2.327091e+05 3.183270e+05 1.704223e+05
1.400000e+01 4.837485e+06 1.526234e+09 8.500251e+05 5.547626e+05 1.096705e+05 4.066997e-05 1.840096e-14 2.220446e-16 2.016058e-07 7.348536e-08 1.034884e-01 1.366492e+05 3.182944e+05 1.883695e+05
1.500000e+01 5.011091e+06 1.526085e+09 7.954003e+05 5.547591e+05 1.096704e+05 7.147112e-05 1.798589e-14 2.220446e-16 2.307476e-07 7.344043e-08 2.184478e-01 1.887454e+05 3.183314e+05 1.852187e+05
1.600000e+01 4.175170e+06 1.528706e+09 8.088329e+05 5.547587e+05 1.096702e+05 4.145041e-05 1.763431e-14 2.220446e-16 4.903902e-07 7.348207e-08 3.556983e-01 1.822950e+05 3.182638e+05 1.918759e+05
1.700000e+01 4.111197e+06 1.526210e+09 7.139257e+05 5.547528e+05 1.096700e+05 7.165931e-05 1.734253e-14 2.220446e-16 1.986415e-06 7.348069e-08 3.818400e-01 2.437516e+05 3.181906e+05 1.492139e+05
1.800000e+01 4.335901e+06 1.529131e+09 7.031859e+05 5.547525e+05 1.096699e+05 7.205848e-05 1.710750e-14 2.220446e-16 1.311250e-07 7.348044e-08 3.874339e-01 1.348446e+05 3.181149e+05 1.421899e+05
1.900000e+01 4.985365e+06 1.526174e+09 6.570614e+05 5.547531e+05 1.096697e+05 5.410558e-05 1.586483e-14 2.220446e-16 5.035260e-06 7.346304e-08 7.227422e-01 3.012407e+05 3.182493e+05 1.310658e+05
2.000000e+01 4.355678e+06 1.525287e+09 6.059295e+05 5.547464e+05 1.096693e+05 7.389479e-05 1.674746e-14 2.220446e-16 1.545195e-06 7.348211e-08 2.082339e-01 1.501760e+05 3.181611e+05 8.210024e+04
2.100000e+01 4.480328e+06 1.527605e+09 6.501245e+05 5.547476e+05 1.096691e+05 4.433935e-05 1.661992e-14 2.220446e-16 2.809167e-06 7.343977e-08 1.328684e-01 1.524396e+05 3.181641e+05 6.316770e+04
2.200000e+01 4.563629e+06 1.526732e+09 6.004430e+05 5.547419e+05 1.096687e+05 7.644034e-05 8.130418e-15 2.220446e-16 2.361215e-04 7.348427e-08 2.352223e+00 1.800371e+05 3.181190e+05 3.705149e+04
2.300000e+01 4.347474e+06 1.526649e+09 5.757956e+05 5.547393e+05 1.096683e+05 4.502888e-05 1.598300e-14 2.220446e-16 4.237789e-04 7.348562e-08 8.006844e-02 8.476040e+04 3.180242e+05 1.636268e+04
2.400000e+01 4.354273e+06 1.526634e+09 5.519217e+05 5.547371e+05 1.096679e+05 4.601373e-05 1.548794e-14 2.220446e-16 1.755092e-05 7.344443e-08 7.771230e-02 1.263335e+05 3.180834e+05 8.550035e+03
2.500000e+01 4.046041e+06 1.525505e+09 5.173409e+05 5.547326e+05 1.096696e+05 8.008093e-05 1.505244e-14 2.220446e-16 3.492654e-05 7.348891e-08 5.364840e-02 3.172542e+04 3.180646e+05 2.840775e+03
2.600000e+01 3.912959e+06 1.526201e+09 5.045062e+05 5.547285e+05 1.096675e+05 4.721998e-05 1.467193e-14 2.220446e-16 4.219373e-05 7.344626e-08 2.565815e-02 1.991845e+03 3.179674e+05 7.837940e+02
2.700000e+01 3.924545e+06 1.527021e+09 5.115342e+05 5.547255e+05 1.096675e+05 4.736060e-05 1.434254e-14 2.220446e-16 2.280514e-05 7.344559e-08 9.329548e-03 1.011020e+00 3.179277e+05 1.205186e+02
2.800000e+01 3.700394e+06 1.526331e+09 4.746773e+05 5.547223e+05 1.096675e+05 8.276790e-05 1.406093e-14 2.220446e-16 6.645322e-06 7.348955e-08 2.118741e-03 1.527279e+01 3.179066e+05 1.155471e+01
2.900000e+01 4.126971e+06 1.537351e+09 4.667773e+06 5.548311e+05 1.096697e+05 8.378537e-05 1.382436e-14 2.220446e-16 1.173291e-04 7.348914e-08 1.234503e-02 2.739387e+01 3.196933e+05 1.648726e+03
3.000000e+01 3.621731e+06 1.525795e+09 5.480878e+05 5.547173e+05 1.096679e+05 8.542032e-05 1.363052e-14 2.220446e-16 1.893661e-07 7.348986e-08 8.046282e-05 1.892372e+00 3.177477e+05 5.597291e-01
3.100000e+01 3.520371e+06 1.525187e+09 6.224579e+05 5.547217e+05 1.096684e+05 8.770894e-05 1.347756e-14 2.220446e-16 5.593003e-06 7.349170e-08 8.452223e-04 9.491946e+03 3.178711e+05 2.921097e-01
3.200000e+01 3.467514e+06 1.524903e+09 7.751175e+05 5.547191e+05 1.096687e+05 5.286405e-05 1.336405e-14 2.220446e-16 7.555410e-09 7.344862e-08 3.506290e-04 9.706178e+04 3.178395e+05 3.630207e-02
3.300000e+01 3.451316e+06 1.525297e+09 9.901708e+05 5.547220e+05 1.096691e+05 9.327889e-05 1.328893e-14 2.220446e-16 1.937880e-07 7.349583e-08 5.085102e-06 2.226786e+05 3.178605e+05 1.242004e-03
3.400000e+01 3.302335e+06 1.523781e+09 1.100200e+06 5.547192e+05 1.096692e+05 5.397864e-05 1.325151e-14 2.220446e-16 4.419952e-08 7.345116e-08 1.475930e-04 9.898008e+04 3.178559e+05 7.566779e-01
3.500000e+01 3.429065e+06 1.526167e+09 1.642320e+06 5.547271e+05 1.096695e+05 7.347534e-05 1.245344e-14 2.220446e-16 1.774857e-09 7.348032e-08 1.265957e-05 9.081662e+04 3.179051e+05 1.159938e-04
3.600000e+01 3.383299e+06 1.526167e+09 1.890077e+06 5.547274e+05 1.096696e+05 7.553317e-05 1.244899e-14 2.220446e-16 6.580792e-10 7.348073e-08 1.021337e-05 4.494282e+04 3.179014e+05 2.133082e-05
3.700000e+01 3.338732e+06 1.526167e+09 2.175191e+06 5.547276e+05 1.096697e+05 7.764839e-05 1.244427e-14 2.220446e-16 2.440017e-10 7.348113e-08 7.917694e-06 3.170467e+04 3.178976e+05 3.922657e-06
3.800000e+01 3.295321e+06 1.526168e+09 2.503294e+06 5.547279e+05 1.096698e+05 7.982268e-05 1.243928e-14 2.220446e-16 9.047065e-11 7.348149e-08 5.881117e-06 2.741177e+04 3.178938e+05 7.213617e-07
3.900000e+01 3.253022e+06 1.526168e+09 2.880873e+06 5.547281e+05 1.096699e+05 8.205777e-05 1.243403e-14 2.220446e-16 3.354459e-11 7.348183e-08 4.171520e-06 2.727356e+04 3.178900e+05 1.326557e-07
4.000000e+01 3.211795e+06 1.526168e+09 3.315390e+06 5.547283e+05 1.096700e+05 8.435545e-05 1.242851e-14 2.220446e-16 1.243762e-11 7.348214e-08 2.814610e-06 3.115925e+04 3.178862e+05 2.439487e-08
4.100000e+01 3.171600e+06 1.526168e+09 3.815436e+06 5.547286e+05 1.096701e+05 8.671756e-05 1.242273e-14 2.220446e-16 4.611604e-12 7.348243e-08 1.798467e-06 4.330319e+04 3.178824e+05 4.486124e-09
4.200000e+01 3.132401e+06 1.526168e+09 4.390902e+06 5.547288e+05 1.096702e+05 8.914601e-05 1.241668e-14 2.220446e-16 1.709885e-12 7.348270e-08 1.082807e-06 8.441736e+04 3.178785e+05 8.249812e-10
4.300000e+01 3.078552e+06 1.524179e+09 4.322178e+06 5.547221e+05 1.096701e+05 7.027264e-05 1.321894e-14 2.220446e-16 1.986052e-12 7.350119e-08 5.033802e-06 5.559740e+04 3.178143e+05 7.178755e-09
4.400000e+01 3.055298e+06 1.526168e+09 5.713302e+06 5.547289e+05 1.096703e+05 9.364094e-05 1.243797e-14 2.220446e-16 2.971428e-13 7.348431e-08 5.814025e-07 3.155567e+05 3.178692e+05 8.231822e-11
4.500000e+01 2.928770e+06 1.530540e+09 6.517749e+06 5.547296e+05 1.096703e+05 7.539536e-05 1.327830e-14 2.220446e-16 3.077611e-13 7.346058e-08 3.385591e-06 1.886337e+05 3.178184e+05 6.401341e-10
4.600000e+01 2.831421e+06 1.530132e+09 7.558050e+06 5.547272e+05 1.096704e+05 1.326554e-04 1.334523e-14 2.220446e-16 1.546834e-13 7.350366e-08 4.750311e-06 2.287678e+05 3.177998e+05 7.435810e-10
4.700000e+01 2.241599e+06 1.527266e+09 7.644530e+06 5.547248e+05 1.096704e+05 7.678015e-05 1.345044e-14 2.220446e-16 9.642973e-14 7.350453e-08 1.217819e-05 2.419782e+05 3.178384e+05 3.232432e-09
4.800000e+01 2.561149e+06 1.525212e+09 8.441209e+06 5.547231e+05 1.096705e+05 7.775073e-05 1.359492e-14 2.220446e-16 7.286214e-14 7.346152e-08 1.263092e-06 2.068576e+05 3.177775e+05 5.554896e-08
4.900000e+01 2.487119e+06 1.525512e+09 9.624253e+06 5.547258e+05 1.096706e+05 1.400764e-04 1.378007e-14 2.220446e-16 6.583625e-14 7.350684e-08 3.019106e-06 1.189788e+05 3.177422e+05 1.483935e-09
5.000000e+01 2.223860e+06 1.524884e+09 9.879128e+06 5.547202e+05 1.096705e+05 1.428367e-04 1.400766e-14 2.220446e-16 7.072187e-14 7.350828e-08 3.504871e-06 1.367998e+05 3.177034e+05 3.051060e-05
5.100000e+01 1.987709e+06 1.525253e+09 1.057125e+07 5.547205e+05 1.096705e+05 8.216361e-05 1.427991e-14 2.220446e-16 9.038237e-14 7.351086e-08 7.901305e-05 1.189564e+05 3.177472e+05 4.002492e-07
5.200000e+01 1.848063e+06 1.524836e+09 1.176817e+07 5.547198e+05 1.096706e+05 8.349160e-05 6.893636e-15 2.220446e-16 1.141762e-15 7.351459e-08 8.561083e-05 1.180565e+05 3.177384e+05 2.294228e-06
5.300000e+01 1.735400e+06 1.525109e+09 1.219778e+07 5.547177e+05 1.096704e+05 8.457718e-05 1.448741e-14 2.220446e-16 5.396617e-14 7.347365e-08 1.865559e-04 1.449740e+05 3.177210e+05 6.047974e-03
5.400000e+01 1.615526e+06 1.526168e+09 1.386352e+07 5.547190e+05 1.096705e+05 8.693442e-05 1.441786e-14 2.220446e-16 2.480088e-14 7.352258e-08 1.920827e-05 1.496272e+05 3.176782e+05 1.108010e-05
5.500000e+01 1.384863e+06 1.523593e+09 1.289560e+07 5.547132e+05 1.096702e+05 1.540035e-04 1.439023e-14 2.220446e-16 1.311808e-14 7.352686e-08 3.932323e-05 1.363404e+05 3.176746e+05 1.068516e-05
5.600000e+01 1.139985e+06 1.525133e+09 1.371594e+07 5.547123e+05 1.096701e+05 1.556881e-04 1.440429e-14 2.220446e-16 7.836064e-15 7.353230e-08 4.780729e-05 1.253726e+05 3.176283e+05 1.416042e-02
5.700000e+01 1.155920e+06 1.526178e+09 1.479954e+07 5.547144e+05 1.096701e+05 1.146241e-04 1.351516e-14 2.220446e-16 3.783576e-15 7.352064e-08 1.746932e-04 1.501935e+05 3.176829e+05 1.545710e-04
5.800000e+01 9.967670e+05 1.525078e+09 1.344806e+07 5.547063e+05 1.096698e+05 8.805453e-05 1.451559e-14 2.220446e-16 3.403098e-15 7.349897e-08 1.082404e-03 5.371457e+04 3.176184e+05 8.007396e-02
5.900000e+01 8.697360e+05 1.526177e+09 1.480887e+07 5.547092e+05 1.096697e+05 1.177160e-04 1.364243e-14 2.220446e-16 1.892887e-15 7.353211e-08 1.529449e-04 8.632764e+04 3.176333e+05 4.413658e-03
6.000000e+01 7.148056e+05 1.524469e+09 1.325886e+07 5.547005e+05 1.096692e+05 9.031570e-05 1.471163e-14 2.220446e-16 1.703691e-15 7.350877e-08 3.265172e-05 5.477950e+03 3.175494e+05 2.978804e-03
6.100000e+01 6.050819e+05 1.525117e+09 1.344959e+07 5.546985e+05 1.096689e+05 9.124973e-05 1.485362e-14 2.220446e-16 1.279418e-15 7.351354e-08 2.256439e-05 2.390210e+01 3.174547e+05 1.619655e-02
6.200000e+01 4.699497e+06 1.528809e+09 1.729667e+07 5.548098e+05 1.096709e+05 1.665289e-04 1.504103e-14 2.220446e-16 1.014810e-15 7.355981e-08 4.374808e-04 2.744870e+05 3.193394e+05 1.764967e+02
6.300000e+01 5.139517e+05 1.524861e+09 1.310074e+07 5.546962e+05 1.096689e+05 1.678444e-04 1.527574e-14 2.220446e-16 8.435463e-16 7.356246e-08 3.215242e-04 1.462072e+01 3.174965e+05 1.023347e+00
6.400000e+01 6.317190e+05 1.526247e+09 1.426668e+07 5.547028e+05 1.096692e+05 1.704189e-04 1.556015e-14 2.220446e-16 7.305352e-16 7.356631e-08 1.076361e-05 1.227269e+04 3.176036e+05 1.758250e+01
6.500000e+01 6.211531e+05 1.527671e+09 1.430849e+07 5.547043e+05 1.096694e+05 9.585868e-05 7.022939e-15 2.220446e-16 6.564044e-16 7.352750e-08 4.170941e-04 7.506527e+04 3.175787e+05 8.584736e+01
6.600000e+01 6.356101e+05 1.528457e+09 1.593068e+07 5.547050e+05 1.096696e+05 9.598681e-05 1.577350e-14 2.220446e-16 6.103603e-16 7.353019e-08 7.508195e-04 1.476687e+05 3.175572e+05 3.545441e+02
6.700000e+01 6.123673e+05 1.527494e+09 1.405604e+07 5.547026e+05 1.096697e+05 9.790131e-05 1.569762e-14 2.220446e-16 5.868521e-16 7.353207e-08 3.981722e-05 2.446844e+05 3.175065e+05 6.238566e+02
6.800000e+01 6.115227e+05 1.525216e+09 1.167311e+07 5.547007e+05 1.096697e+05 9.299566e-05 1.566887e-14 2.220446e-16 5.842605e-16 7.352887e-08 5.290554e-05 9.536598e+04 3.174788e+05 4.531444e+02
