long.t Lactobacillus_iners Lactobacillus_crispatus Lactobacillus_jensenii Gardnerella_vaginalis g_Megasphaera g_Gemella g_Parvimonas Atopobium_vaginae Prevotella_buccalis Prevotella_bivia g_Dialister g_Mobiluncus
0.000000e+00 4.140484e+03 1.114946e-07 8.245287e-11 6.496546e+07 9.374128e+06 3.725520e+05 9.180179e+06 3.034964e+07 8.123733e-13 6.515626e-16 1.231128e+05 6.991201e+06
1.000000e+00 4.284719e+03 1.114949e-07 8.245550e-11 6.924339e+07 9.545476e+06 3.966459e+05 9.803969e+06 3.348764e+07 8.123751e-13 6.461310e-16 1.303797e+05 1.105527e+07
2.000000e+00 4.341963e+03 1.114946e-07 8.245245e-11 6.818738e+07 7.690700e+06 3.865732e+05 9.353678e+06 3.125208e+07 8.123787e-13 6.425263e-16 1.257021e+05 1.221596e+07
3.000000e+00 3.626132e+03 1.114949e-07 8.245390e-11 7.275542e+07 9.820656e+06 3.857450e+05 1.075312e+07 3.445880e+07 8.123841e-13 6.406913e-16 1.311098e+05 1.481002e+07
4.000000e+00 1.464329e+05 1.114946e-07 8.245248e-11 6.540222e+07 9.123621e+06 3.650935e+05 8.995860e+06 2.981333e+07 8.123913e-13 6.405907e-16 1.186530e+05 4.855354e+06
5.000000e+00 3.846337e+03 1.114948e-07 8.245274e-11 7.368463e+07 1.359095e+07 3.961937e+05 1.059864e+07 3.409959e+07 8.124003e-13 6.422103e-16 1.225407e+05 1.000276e+07
6.000000e+00 6.626080e+03 1.114946e-07 8.245234e-11 7.047120e+07 8.967304e+06 3.912166e+05 9.989089e+06 3.234211e+07 8.109009e-13 6.213362e-16 1.233698e+05 4.003520e+06
7.000000e+00 6.241680e+03 1.114948e-07 8.245273e-11 7.522938e+07 1.221402e+07 3.916553e+05 1.126858e+07 3.473145e+07 8.124220e-13 6.488255e-16 1.154465e+05 9.229216e+06
8.000000e+00 5.339627e+03 1.114946e-07 8.245237e-11 6.652830e+07 8.004776e+06 3.495542e+05 8.932278e+06 2.809208e+07 8.124346e-13 6.538588e-16 2.735482e+05 1.969020e+06
9.000000e+00 7.658307e+03 1.114947e-07 8.245235e-11 7.754621e+07 1.266724e+07 3.980490e+05 1.232680e+07 3.572516e+07 8.124491e-13 6.607012e-16 1.277233e+05 1.229685e+07
1.000000e+01 5.725701e+03 1.114946e-07 8.245234e-11 6.687805e+07 7.859359e+06 3.556719e+05 9.889832e+06 2.892183e+07 8.124653e-13 6.694182e-16 1.204708e+05 2.427738e+06
1.100000e+01 7.743606e+03 1.114946e-07 8.245235e-11 7.810760e+07 1.260472e+07 3.900875e+05 1.230962e+07 3.506311e+07 8.124834e-13 6.800978e-16 1.503714e+05 1.517737e+07
1.200000e+01 5.781676e+03 1.114946e-07 8.245245e-11 6.877547e+07 8.356948e+06 3.504151e+05 1.018626e+07 2.923808e+07 8.125032e-13 6.928516e-16 1.426415e+05 3.108816e+06
1.300000e+01 5.396757e+03 1.114947e-07 8.245391e-11 7.630202e+07 1.133971e+07 3.739023e+05 1.257169e+07 3.344671e+07 8.038485e-13 7.078176e-16 1.691265e+05 1.349158e+07
1.400000e+01 3.884507e+03 1.114946e-07 8.245245e-11 7.133051e+07 9.085251e+06 3.535319e+05 1.108246e+07 2.928632e+07 8.125380e-13 7.251627e-16 1.688088e+05 4.472485e+06
1.500000e+01 3.493913e+03 1.114949e-07 8.245548e-11 7.547326e+07 9.980417e+06 3.619825e+05 1.280651e+07 3.219452e+07 8.036270e-13 7.450864e-16 1.855223e+05 5.713197e+06
1.600000e+01 2.085493e+03 1.114946e-07 8.245256e-11 7.005483e+07 9.835596e+06 3.524981e+05 1.199970e+07 2.958087e+07 8.125588e-13 7.678260e-16 1.867317e+05 5.449704e+06
1.700000e+01 1.394069e+03 1.114949e-07 8.245552e-11 7.547449e+07 1.126342e+07 3.578866e+05 1.335548e+07 3.206905e+07 8.036427e-13 7.936612e-16 2.015801e+05 5.172812e+06
1.800000e+01 9.070872e+02 1.114946e-07 8.245245e-11 7.090664e+07 8.537592e+06 3.466483e+05 1.268454e+07 2.949367e+07 8.125654e-13 8.229220e-16 2.024334e+05 3.901704e+06
1.900000e+01 5.060706e+02 1.114949e-07 8.245396e-11 7.457349e+07 9.688158e+06 3.527188e+05 1.379207e+07 3.121029e+07 8.125660e-13 8.559962e-16 2.115371e+05 6.907740e+06
2.000000e+01 2.253104e+02 1.114946e-07 8.245257e-11 6.773460e+07 7.768948e+06 3.283838e+05 1.227183e+07 2.712248e+07 8.125685e-13 8.933404e-16 1.979865e+05 2.072383e+06
2.100000e+01 1.249742e+02 1.114949e-07 8.245404e-11 7.593977e+07 1.114630e+07 3.595750e+05 1.522056e+07 3.176628e+07 8.125727e-13 9.354923e-16 2.289369e+05 1.168504e+07
2.200000e+01 7.136110e+02 1.114946e-07 8.245234e-11 6.685387e+07 7.290605e+06 3.257217e+05 1.272537e+07 2.660311e+07 8.028485e-13 9.830864e-16 2.041914e+05 2.421804e+06
2.300000e+01 3.294272e+01 1.114947e-07 8.245403e-11 7.549971e+07 9.656865e+06 3.614228e+05 1.514765e+07 3.147517e+07 8.041393e-13 1.036873e-15 2.209101e+05 1.007577e+07
2.400000e+01 2.444850e+02 1.114946e-07 8.245246e-11 7.027306e+07 8.374947e+06 3.424848e+05 1.346207e+07 2.885442e+07 8.125628e-13 1.097741e-15 2.081119e+05 4.341437e+06
2.500000e+01 1.652884e+01 1.114946e-07 8.245235e-11 7.310389e+07 1.027423e+07 3.533289e+05 1.578486e+07 3.043777e+07 8.125525e-13 1.166750e-15 2.202809e+05 1.145146e+07
2.600000e+01 1.540742e+02 1.114946e-07 8.245234e-11 6.695305e+07 8.421043e+06 3.309921e+05 1.423993e+07 2.752109e+07 8.125440e-13 1.245163e-15 1.988284e+05 1.349524e+07
2.700000e+01 1.159820e+01 1.114946e-07 8.245235e-11 6.786133e+07 8.919858e+06 3.280923e+05 1.474382e+07 2.779626e+07 8.033602e-13 1.334496e-15 1.974125e+05 1.723331e+07
2.800000e+01 1.726099e+02 1.114946e-07 8.245245e-11 6.828135e+07 8.506592e+06 7.535637e+05 1.426157e+07 2.653699e+07 8.125213e-13 1.436573e-15 1.858377e+05 2.630121e+07
2.900000e+01 1.923173e+01 1.114947e-07 8.245396e-11 6.995510e+07 1.030663e+07 3.259490e+05 1.675476e+07 2.829964e+07 8.125071e-13 1.553603e-15 1.902821e+05 6.105807e+07
3.000000e+01 1.980365e+01 1.114946e-07 8.245286e-11 6.300551e+07 7.479201e+06 3.014317e+05 1.394742e+07 2.481581e+07 8.124948e-13 1.688267e-15 1.668854e+05 4.292888e+07
3.100000e+01 4.702612e+01 1.114950e-07 8.245578e-11 6.595529e+07 9.043410e+06 3.306778e+05 1.573446e+07 2.653382e+07 8.109742e-13 1.741440e-15 1.758123e+05 9.990930e+07
3.200000e+01 2.034899e+01 1.114946e-07 8.245295e-11 5.372068e+07 5.371491e+06 2.730990e+05 1.147121e+07 2.076390e+07 8.124738e-13 2.013249e-15 1.301480e+05 7.048603e+06
3.300000e+01 3.380345e+01 1.114949e-07 8.245578e-11 6.550195e+07 8.176024e+06 3.299395e+05 1.591688e+07 2.636694e+07 8.039229e-13 2.210238e-15 1.459467e+05 7.631208e+07
3.400000e+01 2.829258e+01 1.114946e-07 8.245258e-11 6.032383e+07 5.687389e+06 3.131206e+05 1.337923e+07 2.400712e+07 8.124479e-13 2.440351e-15 1.232286e+05 1.477139e+07
3.500000e+01 2.448094e+01 1.114949e-07 8.245551e-11 6.256336e+07 6.372157e+06 3.273509e+05 1.448372e+07 2.537964e+07 8.124325e-13 2.710490e-15 1.232133e+05 1.437438e+07
3.600000e+01 2.440645e+02 1.114946e-07 8.245256e-11 5.574894e+07 4.170231e+06 3.052488e+05 1.177770e+07 2.205422e+07 8.124190e-13 7.641109e-16 1.012521e+05 6.510827e+06
3.700000e+01 1.998310e+01 1.114949e-07 8.245555e-11 5.828170e+07 4.502696e+06 3.178040e+05 1.278880e+07 2.356120e+07 8.124072e-13 3.004102e-15 9.702750e+04 1.305072e+07
3.800000e+01 1.917497e+01 1.114946e-07 8.245248e-11 5.395330e+07 3.011965e+06 3.007021e+05 1.083173e+07 2.124020e+07 8.123973e-13 2.998463e-15 7.868790e+04 7.590988e+06
3.900000e+01 1.819670e+01 1.114948e-07 8.245434e-11 5.616966e+07 3.047390e+06 3.173531e+05 1.199294e+07 2.287282e+07 8.123891e-13 3.012267e-15 7.416072e+04 1.742272e+07
4.000000e+01 2.516110e+01 1.114946e-07 8.245245e-11 5.299700e+07 2.456153e+06 3.137547e+05 1.063760e+07 2.117282e+07 8.108729e-13 2.836631e-15 6.518017e+04 1.206285e+07
4.100000e+01 1.394703e+01 1.114946e-07 8.245274e-11 5.106658e+07 2.362787e+06 2.999749e+05 9.921450e+06 2.048973e+07 8.123765e-13 3.078900e-15 1.337760e+05 1.574394e+07
4.200000e+01 7.591450e+00 1.114946e-07 8.245237e-11 4.653004e+07 1.199773e+06 2.833189e+05 8.957670e+06 1.838279e+07 8.123720e-13 3.132763e-15 5.006602e+04 1.362790e+07
4.300000e+01 6.673791e+00 1.114946e-07 8.245235e-11 4.978619e+07 1.427617e+06 3.055395e+05 9.711882e+06 2.024754e+07 8.123692e-13 3.208643e-15 5.417531e+04 2.868648e+07
4.400000e+01 3.386656e+00 1.114946e-07 8.245234e-11 4.444759e+07 8.485200e+05 2.754620e+05 7.781963e+06 1.721557e+07 8.123683e-13 3.308301e-15 4.986156e+04 1.391302e+07
4.500000e+01 1.892529e+00 1.114947e-07 8.245234e-11 4.344186e+07 5.957709e+05 2.805426e+05 7.811371e+06 1.761675e+07 8.123692e-13 3.434109e-15 4.740818e+04 1.402186e+07
4.600000e+01 8.081203e-01 1.114946e-07 8.245234e-11 4.110769e+07 4.375555e+05 2.718835e+05 6.864149e+06 1.609836e+07 8.123719e-13 3.589156e-15 4.477119e+04 6.086971e+06
4.700000e+01 4.625557e-01 1.114949e-07 8.245235e-11 4.342985e+07 3.846211e+05 3.001011e+05 7.281304e+06 1.805262e+07 8.123764e-13 3.777392e-15 4.359301e+04 8.235705e+06
4.800000e+01 1.312562e-01 1.114946e-07 8.245245e-11 3.843146e+07 1.845646e+05 2.728540e+05 5.858622e+06 1.553994e+07 8.123828e-13 4.003814e-15 3.683111e+04 1.268108e+06
4.900000e+01 5.931740e-01 1.114949e-07 8.245388e-11 4.067161e+07 1.666811e+05 3.060751e+05 6.634579e+06 1.722471e+07 8.123909e-13 4.274716e-15 8.487995e+04 4.124529e+06
5.000000e+01 2.607537e-01 1.114946e-07 8.245234e-11 3.540547e+07 8.079484e+04 2.644111e+05 5.123652e+06 1.456743e+07 8.124008e-13 4.598017e-15 3.493709e+04 1.111594e+06
5.100000e+01 1.591701e-01 1.114949e-07 8.245388e-11 3.699081e+07 5.638181e+04 2.836147e+05 5.483227e+06 1.565302e+07 8.124126e-13 4.983702e-15 3.703638e+04 5.925529e+06
5.200000e+01 1.343928e-01 1.114946e-07 8.245248e-11 2.764827e+07 1.524245e+04 2.320911e+05 3.236247e+06 1.076364e+07 8.016815e-13 5.444392e-15 2.948888e+04 4.038828e+04
5.300000e+01 1.123352e-02 1.114948e-07 8.245275e-11 3.255384e+07 1.270789e+04 2.788145e+05 4.091851e+06 1.381645e+07 8.035647e-13 5.996130e-15 3.338215e+04 4.243601e+04
5.400000e+01 2.534783e-02 1.114946e-07 8.245246e-11 3.043172e+07 8.272428e+03 2.680991e+05 3.556690e+06 1.291453e+07 8.109120e-13 6.016735e-15 3.377529e+04 1.954361e+03
5.500000e+01 8.677534e-03 1.114948e-07 8.245440e-11 2.941013e+07 2.473406e+03 2.584228e+05 3.182550e+06 1.257690e+07 8.037260e-13 7.394510e-15 2.997290e+04 2.052203e-02
5.600000e+01 1.290752e-01 1.114946e-07 8.245248e-11 2.983669e+07 2.687643e+04 6.219960e+05 2.822274e+06 1.275757e+07 8.124007e-13 8.284496e-15 6.778436e+04 4.778841e+02
5.700000e+01 7.889052e-03 1.114949e-07 8.245567e-11 2.514215e+07 5.911193e+02 2.497821e+05 2.285648e+06 1.103123e+07 8.123874e-13 9.368013e-15 2.747770e+04 1.487190e-07
5.800000e+01 1.411022e-01 1.114946e-07 8.245246e-11 7.487835e+07 1.228749e+04 6.242727e+05 9.148973e+06 4.125756e+07 8.123760e-13 1.069567e-14 7.385667e+04 7.467757e-02
5.900000e+01 9.467927e-03 1.114947e-07 8.245402e-11 2.470112e+07 3.934006e+02 2.484871e+05 2.295988e+06 1.087665e+07 8.123664e-13 1.233436e-14 3.377016e+04 3.831722e-11
6.000000e+01 7.999905e-03 1.114946e-07 8.245246e-11 2.491002e+07 3.508427e+02 2.445734e+05 2.500941e+06 1.031521e+07 8.123586e-13 2.589642e-15 3.853686e+04 2.076878e-07
6.100000e+01 6.157638e-03 1.114947e-07 8.245235e-11 2.528485e+07 2.618416e+02 2.458323e+05 2.839587e+06 1.057305e+07 8.123525e-13 2.577244e-15 4.263640e+04 1.850153e-10
6.200000e+01 4.828762e-03 1.114946e-07 8.245234e-11 2.587332e+07 1.870954e+02 2.608823e+05 3.273757e+06 1.021236e+07 8.123483e-13 1.369391e-14 5.000306e+04 4.862867e-11
6.300000e+01 3.454973e-03 1.114949e-07 8.245235e-11 2.856421e+07 5.637319e+03 2.660982e+05 3.797940e+06 1.188245e+07 8.123459e-13 1.273157e-14 5.913836e+04 1.984936e-09
6.400000e+01 1.318307e-03 1.114946e-07 8.245246e-11 2.760513e+07 6.561283e+03 2.523287e+05 3.792347e+06 1.066131e+07 8.123454e-13 1.195973e-14 5.963386e+04 7.485739e-05
6.500000e+01 2.024285e-02 1.114949e-07 8.245399e-11 3.020915e+07 2.651192e+02 2.612811e+05 4.353668e+06 1.244119e+07 8.038455e-13 1.135001e-14 6.644876e+04 7.294247e-05
6.600000e+01 1.225876e-02 1.114946e-07 8.245245e-11 2.845624e+07 3.359720e+02 2.462050e+05 4.260825e+06 1.103468e+07 8.123394e-13 1.088108e-14 6.746027e+04 3.461483e+00
6.700000e+01 1.027347e-02 1.114949e-07 8.245556e-11 3.067881e+07 5.782030e+02 2.625530e+05 5.069786e+06 1.204712e+07 8.123340e-13 1.053729e-14 7.446559e+04 2.227438e+03
6.800000e+01 1.201508e-02 1.114946e-07 8.245248e-11 2.826001e+07 4.066888e+02 2.397305e+05 4.789257e+06 1.072851e+07 8.123304e-13 1.030771e-14 7.160792e+04 2.565293e+04
6.900000e+01 9.814186e-05 1.114948e-07 8.245435e-11 2.871095e+07 3.415067e+02 2.504676e+05 5.118057e+06 1.081300e+07 8.123287e-13 1.018554e-14 7.399637e+04 5.599096e+04
