long.t Lactobacillus_iners Lactobacillus_crispatus Lactobacillus_jensenii Lactobacillus_gasseri Gardnerella_vaginalis g_Megasphaera g_Parvimonas Atopobium_vaginae Prevotella_bivia g_Dialister
0.000000e+00 2.266557e-16 6.351115e+07 1.314990e-15 5.460740e-16 8.361137e-07 5.416848e-16 1.227675e-15 1.398412e-15 2.253897e-09 1.727185e-12
1.000000e+00 2.247868e-16 7.399715e+08 2.659233e-16 4.972977e-16 9.257105e-08 4.943113e-16 2.630333e-16 2.672073e-16 2.190902e-09 1.725610e-12
2.000000e+00 2.280083e-16 3.430192e+08 4.231313e-16 5.442664e-16 8.539619e-07 5.408756e-16 4.078764e-16 4.308495e-16 2.254500e-09 1.727200e-12
3.000000e+00 2.274161e-16 4.649894e+08 2.659233e-16 5.012462e-16 1.210279e-07 4.989044e-16 2.630333e-16 2.672070e-16 2.191852e-09 1.725635e-12
4.000000e+00 2.341892e-16 7.571814e+07 4.231312e-16 5.482748e-16 1.103348e-06 5.456171e-16 4.078764e-16 4.308492e-16 2.255817e-09 1.727234e-12
5.000000e+00 2.339267e-16 1.049009e+08 2.659233e-16 5.093642e-16 1.897446e-07 5.075090e-16 2.630333e-16 2.672070e-16 2.193493e-09 1.725679e-12
6.000000e+00 2.497109e-16 2.371812e+08 4.231312e-16 5.580747e-16 1.794977e-06 5.559229e-16 4.078764e-16 4.308492e-16 2.257849e-09 1.727289e-12
7.000000e+00 2.494926e-16 1.089437e+08 2.659233e-16 5.219374e-16 3.581702e-07 5.204174e-16 2.630333e-16 2.672070e-16 2.195828e-09 1.725744e-12
8.000000e+00 2.898993e-16 7.043008e+06 4.231313e-16 5.739583e-16 3.677454e-06 5.720993e-16 4.078764e-16 4.308493e-16 2.260600e-09 1.727364e-12
9.000000e+00 2.885237e-16 3.095932e+07 2.659233e-16 5.394204e-16 8.187226e-07 5.380805e-16 2.630333e-16 2.672071e-16 2.198859e-09 1.725829e-12
1.000000e+01 4.231027e-16 1.013977e+08 6.692405e-16 5.965451e-16 1.808665e-07 5.947588e-16 6.315891e-16 6.914940e-16 2.264071e-09 1.727459e-12
1.100000e+01 4.002032e-16 5.203887e+06 3.615429e-16 5.624692e-16 1.865630e-06 5.611394e-16 3.515962e-16 3.664997e-16 2.202588e-09 1.725935e-12
1.200000e+01 5.019523e-16 1.345048e+07 4.231313e-16 5.756653e-16 2.678252e-06 5.742939e-16 4.078764e-16 4.308493e-16 2.204629e-09 1.725992e-12
1.300000e+01 6.295705e-16 3.870338e+07 3.615430e-16 5.891698e-16 3.844831e-06 5.877565e-16 3.515962e-16 3.664998e-16 2.206671e-09 1.726050e-12
1.400000e+01 2.803940e-15 7.609425e+06 1.348127e-15 6.581181e-16 4.960859e-07 6.559934e-16 1.237586e-15 1.426856e-15 2.080327e-09 1.719436e-12
1.500000e+01 1.538489e-15 7.653074e+07 3.615430e-16 6.202324e-16 6.976177e-06 6.186179e-16 3.515962e-16 3.664999e-16 2.210028e-09 1.726123e-12
1.600000e+01 2.997521e-15 5.654226e+07 4.231313e-16 6.379667e-16 8.817224e-06 6.361863e-16 4.078764e-16 4.308494e-16 2.211341e-09 1.726138e-12
1.700000e+01 5.840235e-15 5.417239e+07 3.615430e-16 6.562070e-16 1.114413e-05 6.542533e-16 3.515962e-16 3.664999e-16 2.212656e-09 1.726153e-12
1.800000e+01 6.042656e-13 1.034752e+07 1.348127e-15 7.423403e-16 1.114701e-04 7.392139e-16 1.237586e-15 1.426856e-15 2.277869e-09 1.727750e-12
1.900000e+01 8.695788e-14 2.611463e+07 3.615430e-16 6.981445e-16 1.991761e-05 6.956708e-16 3.515962e-16 3.664998e-16 2.215636e-09 1.726193e-12
2.000000e+01 6.645376e-13 1.215941e+07 4.231313e-16 7.221160e-16 2.816526e-05 7.192834e-16 4.078764e-16 4.308493e-16 2.217303e-09 1.726218e-12
2.100000e+01 5.078438e-12 6.235709e+06 3.615429e-16 7.469094e-16 3.982815e-05 7.436970e-16 3.515962e-16 3.664997e-16 2.218970e-09 1.726243e-12
2.200000e+01 1.359292e-06 6.767360e+07 6.692406e-16 8.582211e-16 6.060008e-06 8.530391e-16 6.315892e-16 6.914946e-16 2.076443e-09 1.727850e-12
2.300000e+01 1.959713e-08 3.039782e+07 2.659233e-16 8.040865e-16 7.041686e-05 7.998417e-16 2.630333e-16 2.672073e-16 2.221483e-09 1.726303e-12
2.400000e+01 2.382421e-16 4.547356e+06 1.171100e-15 9.361179e-16 1.011095e-05 9.291270e-16 1.090412e-15 1.237303e-15 2.086652e-09 1.727921e-12
2.500000e+01 1.236941e-06 1.186605e+08 5.607029e-16 8.768783e-16 9.766978e-05 8.709845e-16 5.368899e-16 5.773953e-16 2.222395e-09 1.726383e-12
2.600000e+01 1.546157e-07 5.777781e+07 1.062961e-15 9.187584e-16 1.083512e-04 9.118106e-16 9.902522e-16 1.118016e-15 2.222462e-09 1.726428e-12
2.700000e+01 1.932674e-08 3.656631e+07 1.611897e-15 9.626372e-16 1.202008e-04 9.545498e-16 1.477000e-15 1.719722e-15 2.222530e-09 1.726474e-12
2.800000e+01 2.415814e-09 2.865200e+07 2.037617e-15 1.008610e-15 1.333463e-04 9.992920e-16 1.850762e-15 2.191849e-15 2.222598e-09 1.726519e-12
2.900000e+01 3.019731e-10 2.708489e+07 2.197685e-15 1.056778e-15 1.479294e-04 1.046131e-15 1.990678e-15 2.370383e-15 2.222666e-09 1.726564e-12
3.000000e+01 3.774619e-11 3.070449e+07 2.037617e-15 1.107244e-15 1.641074e-04 1.095165e-15 1.850762e-15 2.191849e-15 2.222734e-09 1.726609e-12
3.100000e+01 4.718218e-12 4.230267e+07 1.611897e-15 1.160118e-15 1.820547e-04 1.146496e-15 1.477000e-15 1.719722e-15 2.222803e-09 1.726655e-12
3.200000e+01 5.897703e-13 7.328449e+07 1.062961e-15 1.215516e-15 2.019647e-04 1.200234e-15 9.902522e-16 1.118016e-15 2.222871e-09 1.726700e-12
3.300000e+01 7.372041e-14 1.692359e+08 5.607029e-16 1.273558e-15 2.240521e-04 1.256489e-15 5.368899e-16 5.773953e-16 2.222939e-09 1.726745e-12
3.400000e+01 4.052938e-13 9.989666e+07 1.171100e-15 1.548116e-15 4.217386e-05 1.521935e-15 1.090412e-15 1.237303e-15 2.287158e-09 1.728374e-12
3.500000e+01 4.198917e-15 6.520031e+08 2.659233e-16 1.410713e-15 2.494913e-04 1.388966e-15 2.630333e-16 2.672073e-16 2.223428e-09 1.726846e-12
3.600000e+01 1.185798e-14 1.500017e+08 6.692406e-16 1.743824e-15 5.026206e-05 1.709870e-15 6.315891e-16 6.914945e-16 2.288023e-09 1.728485e-12
3.700000e+01 1.841407e-15 5.646283e+08 3.615429e-16 1.591875e-15 2.294437e-04 1.562962e-15 3.515962e-16 3.664996e-16 2.224619e-09 1.726967e-12
3.800000e+01 1.772219e-15 4.205506e+08 4.231312e-16 1.699094e-15 2.102153e-04 1.665578e-15 4.078764e-16 4.308492e-16 2.225390e-09 1.727032e-12
3.900000e+01 1.705631e-15 5.027349e+08 3.615429e-16 1.813532e-15 1.925982e-04 1.774931e-15 3.515962e-16 3.664996e-16 2.226162e-09 1.727098e-12
4.000000e+01 7.847972e-15 1.583085e+08 6.692404e-16 2.310878e-15 1.550215e-03 2.250140e-15 6.315891e-16 6.914939e-16 2.291208e-09 1.728747e-12
4.100000e+01 3.164074e-15 5.829670e+08 2.659233e-16 2.088600e-15 1.829559e-04 2.036700e-15 2.630333e-16 2.672071e-16 2.228059e-09 1.727239e-12
4.200000e+01 6.327088e-14 4.017044e+08 4.231313e-16 2.727156e-15 3.602041e-05 2.643468e-15 4.078764e-16 4.308496e-16 2.104416e-09 1.720259e-12
4.300000e+01 3.713153e-14 6.209201e+08 2.659233e-16 2.460059e-15 1.790450e-04 2.387862e-15 2.630333e-16 2.672072e-16 2.229597e-09 1.727345e-12
4.400000e+01 1.395237e-10 7.587846e+07 1.062961e-15 3.309351e-15 1.561956e-03 3.189369e-15 9.902522e-16 1.118016e-15 2.098446e-09 1.720102e-12
4.500000e+01 1.523943e-11 3.095407e+08 5.166785e-16 2.968309e-15 1.804742e-04 2.864826e-15 4.954444e-16 5.302291e-16 2.229672e-09 1.727360e-12
4.600000e+01 1.027288e-09 1.325871e+08 8.953050e-16 3.280989e-15 1.927340e-04 3.156706e-15 8.368302e-16 9.349872e-16 2.229334e-09 1.727344e-12
4.700000e+01 6.924934e-08 8.062719e+07 1.220017e-15 3.626605e-15 2.058265e-04 3.478324e-15 1.124813e-15 1.287013e-15 2.228997e-09 1.727328e-12
4.800000e+01 4.668088e-06 6.602438e+07 1.348127e-15 4.008626e-15 2.198084e-04 3.832710e-15 1.237586e-15 1.426856e-15 2.228659e-09 1.727311e-12
4.900000e+01 3.146752e-04 7.127696e+07 1.220017e-15 4.430889e-15 2.347402e-04 4.223201e-15 1.124813e-15 1.287013e-15 2.228322e-09 1.727295e-12
5.000000e+01 2.121221e-02 1.022700e+08 8.953050e-16 4.897632e-15 2.506862e-04 4.653477e-15 8.368302e-16 9.349875e-16 2.227984e-09 1.727279e-12
5.100000e+01 1.429912e+00 2.026578e+08 5.166785e-16 5.413541e-15 2.677155e-04 5.127591e-15 4.954445e-16 5.302293e-16 2.227648e-09 1.727263e-12
5.200000e+01 7.409820e-03 3.358485e+07 2.572634e-15 8.046838e-15 3.941131e-05 7.542045e-15 2.330161e-15 2.795942e-15 2.101059e-09 1.728831e-12
5.300000e+01 4.482698e+02 3.711519e+08 3.615430e-16 6.724266e-15 2.756544e-04 6.324162e-15 3.515962e-16 3.665000e-16 2.226254e-09 1.727241e-12
5.400000e+01 2.084713e+03 3.658040e+08 4.231313e-16 7.556370e-15 2.657744e-04 7.078754e-15 4.078764e-16 4.308494e-16 2.225198e-09 1.727235e-12
5.500000e+01 9.695115e+03 5.701307e+08 3.615430e-16 8.491447e-15 2.562486e-04 7.923385e-15 3.515962e-16 3.664997e-16 2.224142e-09 1.727229e-12
5.600000e+01 4.934319e+03 1.445780e+08 6.692405e-16 1.351973e-14 3.043596e-03 1.245503e-14 6.315891e-16 6.914941e-16 2.287306e-09 1.728807e-12
5.700000e+01 8.022921e+04 7.483838e+08 2.659233e-16 1.092719e-14 2.699827e-04 1.010617e-14 2.630333e-16 2.672071e-16 2.222384e-09 1.727227e-12
5.800000e+01 5.938842e+04 2.408928e+08 4.231322e-16 1.835353e-14 4.397828e-05 1.672504e-14 4.078769e-16 4.308540e-16 2.285868e-09 1.728815e-12
5.900000e+01 1.627023e+05 3.005015e+08 2.659239e-16 1.462192e-14 2.939400e-04 1.337668e-14 2.630336e-16 2.672104e-16 2.221328e-09 1.727246e-12
6.000000e+01 7.212958e+04 1.624023e+03 3.994408e-11 2.624533e-14 4.360532e-03 2.359460e-14 4.270396e-11 7.248665e-11 2.285156e-09 1.728844e-12
6.100000e+01 1.381988e+05 2.731775e+03 1.223890e-11 2.040512e-14 3.309508e-04 1.842374e-14 1.237149e-11 2.058839e-11 2.220974e-09 1.727285e-12
6.200000e+01 1.029975e+05 1.561749e-02 1.363859e-06 2.436890e-14 3.739998e-04 2.184577e-14 1.370647e-06 3.965987e-06 2.220973e-09 1.727309e-12
6.300000e+01 7.676255e+04 1.116744e-08 9.726648e-01 2.910270e-14 4.226485e-04 2.590341e-14 9.143401e-01 5.223580e+00 2.220971e-09 1.727334e-12
6.400000e+01 4.716340e+01 9.860874e-05 1.310113e-04 6.037534e-14 2.544895e-05 5.250700e-14 4.719353e-05 3.503337e-04 2.285183e-09 1.728942e-12
6.500000e+01 1.867734e+03 2.976173e-15 1.082428e+06 4.257299e-14 4.769340e-04 3.730109e-14 3.338676e+05 8.021667e+06 2.221319e-09 1.727393e-12
6.600000e+01 1.814066e-03 2.226285e-02 1.363856e-06 2.395566e-16 2.004968e-05 2.321084e-16 1.370646e-06 3.965936e-06 2.092161e-09 1.719999e-12
6.700000e+01 1.629134e-02 1.097091e-03 1.362008e-05 5.064577e-14 4.193624e-04 4.410440e-14 4.517408e-06 3.161739e-05 2.221280e-09 1.727415e-12
6.800000e+01 5.097188e+07 1.035426e-05 1.335028e-03 9.697103e-14 1.163341e-02 8.293290e-14 4.794571e-04 3.998313e-03 2.285141e-09 1.728986e-12
