long.t Lactobacillus_iners Lactobacillus_crispatus Lactobacillus_jensenii Lactobacillus_gasseri Gardnerella_vaginalis g_Megasphaera g_Gemella g_Parvimonas Atopobium_vaginae Prevotella_bivia g_Dialister
0.000000e+00 4.431182e+05 5.131413e+07 1.036003e+06 1.616150e+02 1.390312e+01 2.664857e-16 5.039922e-15 2.225197e-16 5.605703e-03 2.325776e-16 7.734346e-06
1.000000e+00 6.725745e+05 7.263902e+07 1.582251e+06 1.616132e+02 4.777753e-03 2.580942e-16 4.957206e-15 2.223015e-16 1.118352e-06 2.272550e-16 1.610660e-07
2.000000e+00 6.171977e+05 5.911480e+07 1.408225e+06 1.616150e+02 2.669584e-04 2.667983e-16 5.039992e-15 2.229193e-16 2.391278e-11 4.779594e-16 9.010659e-06
3.000000e+00 5.144208e+05 6.718100e+07 1.383463e+06 1.616157e+02 2.428346e-02 2.606953e-16 4.957329e-15 2.228797e-16 3.222342e-06 4.777871e-16 4.966879e-07
4.000000e+00 5.808024e+05 5.496354e+07 1.121835e+06 1.616150e+02 4.434268e+01 2.699307e-16 5.040148e-15 2.249651e-16 3.032479e-01 2.244368e-05 3.170315e-05
5.000000e+00 4.577824e+05 6.007273e+07 1.165722e+06 1.616157e+02 2.785566e-01 2.652886e-16 4.957535e-15 2.249540e-16 3.076205e-06 2.244344e-05 3.398343e-06
6.000000e+00 2.983721e+05 4.336693e+07 7.693450e+05 1.616150e+02 1.885848e-01 2.758503e-16 5.040389e-15 2.323609e-16 1.147514e-11 9.879393e-06 4.289432e-07
7.000000e+00 3.677343e+05 5.116023e+07 8.900052e+05 1.616157e+02 9.146225e+00 2.721984e-16 4.957823e-15 2.323576e-16 4.381820e-07 4.757318e+05 2.270044e-05
8.000000e+00 1.057943e+05 3.836740e+07 5.699385e+05 1.616150e+02 7.256415e+00 2.848873e-16 5.040715e-15 2.601582e-16 9.941275e-07 2.892497e+04 3.525839e-06
9.000000e+00 1.376861e+05 4.114962e+07 5.928990e+05 1.616153e+02 1.028408e+02 2.819369e-16 4.958194e-15 2.601571e-16 2.384093e-13 2.915718e+04 6.717932e-05
1.000000e+01 9.462689e+05 7.720014e+07 1.593754e+06 1.616150e+02 2.708190e+02 2.977125e-16 5.041127e-15 3.859146e-16 1.548291e-11 8.172511e+04 1.618718e-05
1.100000e+01 1.236007e+05 3.584012e+07 5.002245e+05 1.616152e+02 7.406836e+02 2.952741e-16 4.958648e-15 3.859141e-16 4.448289e-14 4.817646e+03 1.036709e-04
1.200000e+01 2.662193e+05 3.331773e+07 4.812180e+05 1.616150e+02 1.095303e+03 3.154133e-16 5.041625e-15 1.527773e-15 1.875692e-11 4.387425e+03 2.536721e-03
1.300000e+01 4.838622e+05 3.438320e+07 5.558965e+05 1.616156e+02 4.537470e+03 3.133547e-16 4.959185e-15 1.527772e-15 3.151448e-13 1.132051e+04 2.004252e-04
1.400000e+01 1.076212e+06 3.137130e+07 5.152412e+05 1.616150e+02 9.718381e+03 3.396710e-16 5.042208e-15 1.858572e-13 5.004321e-06 9.003403e+04 5.542156e-05
1.500000e+01 2.106866e+06 3.238934e+07 5.843298e+05 1.616156e+02 2.345621e+04 3.378943e-16 4.959804e-15 1.858572e-13 3.479411e-06 7.924959e+04 4.696081e-04
1.600000e+01 4.320973e+06 3.608848e+07 7.129789e+05 1.616150e+02 2.152300e+04 3.730884e-16 5.042876e-15 3.506581e-06 2.153144e-05 8.177533e+04 7.567223e-05
1.700000e+01 9.422937e+06 3.087668e+07 6.259137e+05 1.616157e+02 9.420796e+04 3.715155e-16 4.960507e-15 3.506581e-06 2.050767e+02 6.472547e+05 5.698163e-04
1.800000e+01 9.555835e+06 3.275204e+07 7.230091e+05 1.616150e+02 6.324868e+04 4.197823e-16 5.043630e-15 1.124624e-06 4.970172e+00 4.113878e+05 5.871715e-05
1.900000e+01 2.829343e+07 3.042657e+07 7.192026e+05 1.616157e+02 2.292580e+05 4.183444e-16 4.961292e-15 2.939344e+01 1.046798e+04 4.581411e+05 3.353139e-04
2.000000e+01 2.862595e+07 3.299642e+07 8.722627e+05 1.616150e+02 1.547976e+05 4.864860e-16 5.044470e-15 3.635813e-01 8.506480e+01 1.586046e+06 2.201567e-05
2.100000e+01 4.857434e+07 3.071856e+07 8.694995e+05 1.616157e+02 3.573980e+05 4.851115e-16 4.962160e-15 5.484234e+01 9.966293e+03 9.740836e+05 9.218964e-05
2.200000e+01 3.107627e+07 2.984244e+07 8.123530e+05 1.616150e+02 1.811977e+05 5.846910e-16 5.045395e-15 1.040581e-06 2.794662e+01 2.094782e+04 2.970474e-06
2.300000e+01 5.025534e+07 3.122061e+07 1.033845e+06 1.616156e+02 3.739758e+05 5.832845e-16 4.963111e-15 8.849935e-06 1.295450e+03 8.025623e+04 1.099471e-05
2.400000e+01 4.393920e+07 3.384580e+07 1.171512e+06 1.616150e+02 3.533311e+05 7.350384e-16 5.046406e-15 1.361064e-05 4.831165e+00 2.995198e-05 3.713532e-05
2.500000e+01 3.788073e+07 3.191197e+07 1.193142e+06 1.616155e+02 3.221635e+05 7.334329e-16 4.964145e-15 4.215716e-13 3.279253e+01 1.293376e-06 1.292437e-06
2.600000e+01 3.935288e+07 3.344444e+07 1.384278e+06 1.616150e+02 4.076583e+05 9.769241e-16 5.047503e-15 1.893202e-12 6.338724e-06 1.325635e-06 5.583336e-06
2.700000e+01 3.170143e+07 3.317255e+07 1.423758e+06 1.616155e+02 3.107369e+05 9.747481e-16 4.965262e-15 1.333739e-14 4.273307e-06 4.495490e-16 3.492317e-07
2.800000e+01 8.228932e+07 3.910715e+07 2.245488e+06 1.616150e+02 7.102260e+05 1.391134e-15 5.048685e-15 2.527288e-12 4.187408e-05 1.015250e-15 2.045577e-06
2.900000e+01 4.930457e+07 3.544627e+07 1.894968e+06 1.616155e+02 4.150254e+05 1.387401e-15 4.966463e-15 6.081303e-13 5.636729e-12 5.250482e-16 2.066614e-07
3.000000e+01 1.475654e+08 3.770796e+07 2.792004e+06 1.616150e+02 8.551810e+05 2.158098e-15 5.049954e-15 6.178470e-05 3.007551e-04 2.636548e-04 1.759239e-06
3.100000e+01 1.785298e+08 3.885558e+07 2.906732e+06 1.616159e+02 8.022835e+05 2.149787e-15 4.967746e-15 3.530094e-05 7.231954e-05 2.574328e-04 2.626709e-07
3.200000e+01 6.091153e+07 2.595984e+07 1.538105e+06 1.616150e+02 2.951308e+05 3.724253e-15 3.796401e-15 3.533890e-07 1.153984e-06 5.369490e-07 9.805647e-09
3.300000e+01 3.606950e+08 3.976464e+07 3.765474e+06 1.616156e+02 1.236370e+06 3.700736e-15 4.968397e-15 5.129301e+02 5.759067e+02 5.366566e+07 2.637199e-07
3.400000e+01 3.267376e+08 3.881510e+07 3.840447e+06 1.616129e+02 1.283099e+06 4.998957e-15 4.968386e-15 5.494353e+03 1.875922e+03 4.934793e+07 1.941241e-07
3.500000e+01 1.097482e+08 2.561636e+07 2.089809e+06 1.616153e+02 5.609282e+05 1.014998e-14 5.051274e-15 1.309442e+02 4.517663e+01 2.780608e+05 1.226925e-06
3.600000e+01 3.699256e+08 3.636280e+07 3.825075e+06 1.616129e+02 1.360997e+06 1.547537e-14 5.051305e-15 1.046508e+03 1.680144e+03 3.834441e+06 1.072843e-08
3.700000e+01 1.351697e+08 3.206358e+07 3.028864e+06 1.616157e+02 9.692256e+05 1.576102e-14 4.968476e-15 8.859593e+01 1.963241e+03 3.123900e+04 1.028649e-07
3.800000e+01 9.396804e+07 3.107333e+07 2.613552e+06 1.616150e+02 4.300362e+05 4.429430e-14 3.958734e-15 8.574094e-06 3.717889e+00 3.935972e-06 4.071020e-09
3.900000e+01 9.227009e+07 2.755009e+07 2.396495e+06 1.616158e+02 6.289491e+05 4.482279e-14 4.968049e-15 5.082788e-06 1.316637e+02 3.634828e-06 2.836449e-08
4.000000e+01 8.155848e+07 2.674606e+07 2.158576e+06 1.616150e+02 4.450473e+05 1.623807e-13 5.050440e-15 1.308435e-05 7.916666e-05 3.716181e-06 7.846612e-08
4.100000e+01 5.988023e+07 2.401709e+07 1.887244e+06 1.616157e+02 3.403905e+05 1.630247e-13 4.967095e-15 7.167696e-13 4.843552e-05 4.626289e-16 6.639219e-09
4.200000e+01 5.528349e+07 2.148123e+07 1.739998e+06 1.616150e+02 2.787467e+05 8.112083e-13 5.049512e-15 2.087179e-11 1.500323e+01 9.621255e-16 2.308851e-08
4.300000e+01 4.417867e+07 2.092591e+07 1.506672e+06 1.616157e+02 1.919840e+05 8.050797e-13 4.966224e-15 1.723028e-13 5.977888e-05 4.827213e-16 2.938954e-09
4.400000e+01 3.481695e+07 1.837254e+07 1.276187e+06 1.616150e+02 1.481085e+05 2.104962e-14 5.048669e-15 2.220646e-08 7.721034e-05 1.581657e-05 1.351680e-08
4.500000e+01 3.257818e+07 1.794064e+07 1.196197e+06 1.616132e+02 1.141149e+05 2.012733e-12 4.965436e-15 5.615441e-09 1.676538e+02 1.549009e-05 2.387266e-09
4.600000e+01 3.721498e+07 1.991246e+07 1.132747e+06 1.616150e+02 3.336490e+04 2.287689e-14 5.047913e-15 3.857711e-16 5.978481e+00 6.839500e-07 6.975128e-11
4.700000e+01 2.684936e+07 1.567801e+07 9.519830e+05 1.616133e+02 5.306018e+04 9.360097e-13 4.964731e-15 3.787707e-09 2.893516e+03 2.461183e+04 1.451060e-09
4.800000e+01 3.624486e+07 1.663050e+07 9.232328e+05 1.616150e+02 1.223967e+04 1.115419e-12 5.047242e-15 3.798042e-09 2.384877e+00 7.995439e-06 2.688235e-11
4.900000e+01 3.093585e+07 1.432310e+07 7.851552e+05 1.616157e+02 1.486848e+04 2.256974e-13 4.964109e-15 2.627679e-14 2.033097e+02 1.425543e-06 2.822226e-10
5.000000e+01 2.534778e+07 1.389189e+07 7.594959e+05 1.616150e+02 1.460044e+03 2.817337e-13 5.046656e-15 2.652821e-14 1.866478e-05 1.425552e-06 4.512282e-10
5.100000e+01 3.518583e+07 1.331403e+07 6.681838e+05 1.616157e+02 2.175260e+03 7.501562e-14 4.963570e-15 8.760085e-16 4.773049e-06 4.395743e-16 4.022630e-11
5.200000e+01 1.488163e+07 1.043836e+07 4.385678e+05 1.616150e+02 1.318578e+02 9.946518e-14 5.046156e-15 9.061018e-16 1.077200e-05 4.396665e-16 7.208147e-11
5.300000e+01 2.225144e+07 1.205184e+07 5.327941e+05 1.616133e+02 1.425991e+02 3.265752e-14 4.963114e-15 3.342106e-16 6.597734e-13 2.266809e-16 8.975757e-12
5.400000e+01 1.748106e+07 1.063748e+07 4.436287e+05 1.616150e+02 2.808628e+05 4.694850e-14 5.045742e-15 3.869246e-16 4.944538e-09 2.289946e-16 1.866499e-11
5.500000e+01 1.012128e+07 1.053449e+07 3.905143e+05 1.616129e+02 4.803576e+01 1.791764e-14 4.962740e-15 2.635737e-16 7.826522e-12 2.222740e-16 2.965923e-12
5.600000e+01 7.099883e+06 9.812080e+06 3.332818e+05 1.616150e+02 7.727254e+01 1.400442e-14 4.962574e-15 2.559121e-16 1.647371e-10 2.222286e-16 1.869564e-12
5.700000e+01 4.986287e+06 9.139212e+06 2.844371e+05 1.616150e+02 1.243505e+02 1.094585e-14 4.962408e-15 2.484731e-16 5.662216e-10 2.221833e-16 1.178476e-12
5.800000e+01 3.505493e+06 8.512486e+06 2.427509e+05 1.616150e+02 2.002490e+02 8.555280e-15 4.962242e-15 2.412504e-16 3.861230e-10 2.221380e-16 7.428504e-13
5.900000e+01 2.466618e+06 7.928738e+06 2.071742e+05 1.616154e+02 3.227992e+02 6.686807e-15 4.962076e-15 2.342377e-16 4.917966e-11 2.220927e-16 4.682544e-13
6.000000e+01 1.523679e+05 4.296279e+06 7.465920e+04 1.616150e+02 4.805524e+01 9.403528e-15 5.044756e-15 2.375154e-16 1.492730e-04 2.221150e-16 9.851773e-13
6.100000e+01 4.996478e+05 6.512765e+06 1.298709e+05 1.616153e+02 5.249719e+02 4.395200e-15 4.961786e-15 2.255660e-16 8.485567e-08 2.220461e-16 2.125484e-13
6.200000e+01 1.658773e+06 1.407567e+07 3.393055e+05 1.616150e+02 5.310494e+02 6.456765e-15 5.044513e-15 2.264766e-16 1.199012e-10 2.220465e-16 4.945276e-13
6.300000e+01 1.083663e+05 5.510759e+06 8.657167e+04 1.616150e+02 5.358258e+02 3.317671e-15 4.961578e-15 2.233707e-16 1.740830e-05 2.220447e-16 1.243898e-13
6.400000e+01 8.164934e+04 5.287419e+06 7.856667e+04 1.616150e+02 5.428181e+02 2.977917e-15 4.961495e-15 2.230235e-16 8.238282e-08 2.220446e-16 1.010919e-13
6.500000e+01 6.147574e+04 5.073130e+06 7.130186e+04 1.616153e+02 5.508268e+02 2.672957e-15 4.961412e-15 2.226769e-16 1.696679e-10 2.220446e-16 8.215759e-14
6.600000e+01 5.699284e+03 3.044479e+06 3.098146e+04 1.616150e+02 1.764646e+02 4.300702e-15 5.044198e-15 2.228133e-16 1.573138e-08 2.220446e-16 2.348183e-13
6.700000e+01 1.629967e+04 4.504350e+06 5.321572e+04 1.616153e+02 4.689639e+02 2.275649e-15 4.961287e-15 2.222392e-16 1.931912e-13 2.220446e-16 6.030848e-14
6.800000e+01 4.457980e+05 1.322914e+07 2.685198e+05 1.616150e+02 8.960359e+02 4.162078e-15 5.044125e-15 2.224144e-16 5.025846e-09 2.220447e-16 2.224198e-13
