long.t Lactobacillus_iners Lactobacillus_crispatus Gardnerella_vaginalis g_Gemella Prevotella_buccalis Prevotella_bivia g_Dialister
0.000000e+00 1.739945e-14 3.812748e-15 1.257034e-15 2.220474e-16 2.473887e-15 1.243981e+02 5.073024e+02
1.000000e+00 1.741833e-14 3.830824e-15 1.257032e-15 2.220456e-16 2.475037e-15 1.195715e+02 4.766523e+02
2.000000e+00 1.168878e-15 4.170034e-15 1.257031e-15 2.220451e-16 2.496880e-15 1.074223e+02 4.699553e+02
3.000000e+00 1.560171e-14 4.903813e-15 1.257031e-15 2.220451e-16 2.220549e-16 2.516181e+04 5.254818e+02
4.000000e+00 1.395704e-14 6.238339e-15 1.257033e-15 2.220454e-16 2.263442e-15 2.362965e+02 4.481804e+03
5.000000e+00 1.269645e-14 8.627280e-15 1.257036e-15 2.220464e-16 2.033873e-15 4.506021e+02 5.455653e+02
6.000000e+00 9.553277e-15 8.650491e-15 1.257034e-15 2.220468e-16 1.660082e-15 1.018861e+03 6.295875e+02
7.000000e+00 1.084900e-14 1.955804e-14 1.257046e-15 2.220509e-16 1.668039e-15 1.543036e+03 6.066801e+02
8.000000e+00 1.018235e-14 3.265742e-14 1.257052e-15 2.220577e-16 1.521241e-15 3.248998e+03 6.435345e+02
9.000000e+00 8.090252e-15 3.579094e-14 1.257054e-15 2.220607e-16 1.284353e-15 6.007073e+03 7.871121e+02
1.000000e+01 9.237444e-15 1.145477e-13 1.257069e-15 2.220900e-16 1.282026e-15 9.410368e+03 7.466868e+02
1.100000e+01 8.924276e-15 2.475644e-13 1.257080e-15 2.221384e-16 1.183937e-15 1.533032e+04 8.127597e+02
1.200000e+01 7.407406e-15 3.009339e-13 1.257086e-15 2.221599e-16 1.026724e-15 3.013066e+04 9.445073e+02
1.300000e+01 8.564542e-15 1.592552e-12 1.257108e-15 2.223636e-16 1.021059e-15 5.545868e+04 5.689623e+03
1.400000e+01 9.744994e-16 4.941893e-12 1.257125e-15 2.226629e-16 9.530441e-16 6.041201e+04 9.643947e+02
1.500000e+01 7.157131e-15 2.189534e-13 1.257146e-15 2.234164e-16 8.938649e-16 1.125792e+05 1.137444e+03
1.600000e+01 6.103076e-15 2.794647e-13 1.257172e-15 2.252361e-16 8.422134e-16 1.200535e+05 1.187038e+03
1.700000e+01 5.270309e-15 2.294576e-11 1.257004e-15 2.304407e-16 7.970173e-16 1.630375e+05 1.346459e+03
1.800000e+01 4.050729e-15 6.635000e-12 1.257169e-15 2.319756e-16 7.211769e-16 3.205931e+05 1.957266e+03
1.900000e+01 3.561250e-15 5.837740e-12 1.257146e-15 2.377362e-16 6.868449e-16 3.854169e+05 2.169336e+03
2.000000e+01 3.130919e-15 5.136276e-12 1.257126e-15 2.436398e-16 6.541473e-16 4.633480e+05 2.404383e+03
2.100000e+01 3.067417e-15 1.381974e-11 1.257114e-15 2.792029e-16 6.494890e-16 4.401203e+05 2.327691e+03
2.200000e+01 2.704693e-15 1.536102e-11 1.257099e-15 3.298599e-16 6.191610e-16 5.784163e+05 2.565540e+03
2.300000e+01 2.407555e-15 2.265838e-11 1.257087e-15 5.978909e-16 5.922225e-16 6.377230e+05 2.863167e+03
2.400000e+01 1.972032e-15 1.233608e-11 1.257070e-15 6.811630e-16 5.483378e-16 7.821862e+05 3.441629e+03
2.500000e+01 1.779446e-15 2.183776e-11 1.257061e-15 1.272559e-15 5.270577e-16 8.563623e+05 3.718414e+03
2.600000e+01 1.605668e-15 3.865795e-11 1.257052e-15 2.377415e-15 5.066036e-16 9.375729e+05 4.017459e+03
2.700000e+01 1.448860e-15 6.843361e-11 1.257043e-15 4.441523e-15 4.869432e-16 1.026485e+06 4.340554e+03
2.800000e+01 1.403318e-15 4.908265e-10 1.257041e-15 2.841965e-13 4.812950e-16 8.076770e+05 4.033017e+03
2.900000e+01 1.268029e-15 1.198081e-09 1.257033e-15 2.381926e-11 4.628427e-16 8.615089e+05 4.315418e+03
3.000000e+01 1.153378e-15 4.246294e-09 1.257027e-15 1.130253e-05 4.461627e-16 9.943920e+05 4.766759e+03
3.100000e+01 1.055632e-15 2.745002e-10 1.257022e-15 7.187374e-07 4.310564e-16 7.644769e+05 4.756733e+03
3.200000e+01 9.718400e-16 8.242137e-10 1.257018e-15 9.668704e-02 4.173528e-16 9.060291e+05 5.158679e+03
3.300000e+01 8.996488e-16 7.259488e-08 1.257016e-15 3.527422e-02 4.049044e-16 7.914194e+05 5.296316e+03
3.400000e+01 7.981343e-16 2.598932e-08 1.257008e-15 3.577016e-02 3.860168e-16 6.763520e+05 6.025784e+03
3.500000e+01 7.788689e-16 2.840013e-07 1.257013e-15 6.503107e+04 3.825518e-16 5.509467e+05 5.343181e+03
3.600000e+01 7.280278e-16 8.908002e-07 1.257011e-15 2.714069e-02 3.724781e-16 4.451886e+05 5.581217e+03
3.700000e+01 6.835153e-16 9.854242e-08 1.257011e-15 7.633843e+02 3.632692e-16 4.650154e+05 6.023353e+03
3.800000e+01 6.444033e-16 1.426536e-05 1.257012e-15 8.509309e+03 3.548437e-16 3.091748e+05 5.497400e+03
3.900000e+01 6.099259e-16 1.610349e-06 1.257014e-15 3.639341e+05 3.471300e-16 4.247296e+05 6.178542e+03
4.000000e+01 5.794475e-16 4.953730e-06 1.257017e-15 1.644853e+05 3.400652e-16 2.686706e+05 2.486105e+04
4.100000e+01 5.524382e-16 9.458616e-06 1.257021e-15 1.424474e+05 3.335937e-16 2.090426e+05 6.258996e+03
4.200000e+01 5.284541e-16 6.252254e-04 1.257026e-15 4.701708e+04 3.276664e-16 1.920759e+05 6.550498e+03
4.300000e+01 5.071217e-16 1.507152e-03 1.257033e-15 8.546496e+03 3.222396e-16 2.342474e+05 8.187041e+03
4.400000e+01 4.746873e-16 5.580436e-04 1.257033e-15 8.681912e+02 3.134972e-16 1.621027e+05 8.777588e+03
4.500000e+01 4.697642e-16 4.903718e-04 1.257048e-15 8.798264e-01 3.123686e-16 1.696942e+05 8.851350e+03
4.600000e+01 4.533418e-16 1.426773e-03 1.257058e-15 8.348715e-06 3.078701e-16 1.209008e+05 8.803541e+03
4.700000e+01 4.386422e-16 3.473537e-03 1.257070e-15 3.342823e-04 3.037498e-16 1.378839e+05 1.036112e+04
4.800000e+01 4.254811e-16 3.439822e-03 1.257084e-15 2.564492e-07 2.999811e-16 1.112960e+05 1.038119e+04
4.900000e+01 4.137005e-16 2.019316e-01 1.257101e-15 6.337851e-04 2.965404e-16 1.001521e+05 1.112694e+04
5.000000e+01 4.031651e-16 7.664058e-03 1.257121e-15 1.850414e-05 2.934068e-16 1.063980e+05 1.265228e+04
5.100000e+01 3.937584e-16 5.440880e-01 1.257144e-15 1.007428e+00 2.905618e-16 9.088212e+04 1.299530e+04
5.200000e+01 3.853807e-16 3.557810e-02 1.256981e-15 5.367474e+00 2.879888e-16 8.321131e+04 1.372060e+04
5.300000e+01 3.779462e-16 7.153757e-02 1.257146e-15 2.966907e-02 2.856734e-16 7.346773e+04 1.379157e+04
5.400000e+01 3.713816e-16 1.432372e-01 1.257123e-15 1.396615e+04 2.836030e-16 6.441603e+04 1.498354e+04
5.500000e+01 3.656244e-16 1.956811e-01 1.257105e-15 7.735927e-02 2.817665e-16 5.254384e+04 1.530556e+04
5.600000e+01 3.606219e-16 1.784507e-01 1.257089e-15 1.269501e+02 2.801545e-16 3.576832e+04 1.462798e+04
5.700000e+01 3.563300e-16 1.295992e-01 1.257077e-15 4.207900e+02 2.787589e-16 3.388770e+04 1.644833e+04
5.800000e+01 3.527123e-16 7.228005e+00 1.257067e-15 2.344710e+01 2.775733e-16 1.554586e+04 1.427297e+04
5.900000e+01 3.423978e-16 3.360705e-01 1.257052e-15 1.224439e+01 2.739211e-16 1.902050e+04 1.703772e+04
6.000000e+01 3.467643e-16 1.373242e-01 1.257052e-15 5.659848e-08 2.756068e-16 6.676249e+03 1.529815e+04
6.100000e+01 3.443982e-16 1.761863e-01 1.257046e-15 4.278146e-06 2.748188e-16 4.912367e+03 1.707389e+04
6.200000e+01 3.426258e-16 1.107851e-01 1.257042e-15 6.728626e-12 2.742259e-16 1.446492e+03 1.514636e+04
6.300000e+01 3.414378e-16 2.690811e+01 1.257040e-15 2.256232e-14 2.738268e-16 5.977013e+02 1.584219e+04
6.400000e+01 3.408312e-16 1.212025e-01 1.257040e-15 2.140285e-15 2.736217e-16 3.100702e+05 1.870924e+04
6.500000e+01 3.408102e-16 1.249380e-01 1.257042e-15 1.259710e-15 2.736122e-16 4.161188e+02 1.855169e+04
