long.t Lactobacillus_iners Lactobacillus_crispatus Lactobacillus_jensenii Lactobacillus_gasseri Gardnerella_vaginalis g_Parvimonas Prevotella_bivia g_Dialister
0.000000e+00 2.350327e+07 5.606970e+08 1.203620e+07 2.220462e-16 2.316773e-16 2.114994e-15 1.282814e-13 7.681451e-15
1.000000e+00 4.952017e+07 7.614151e+08 1.648489e+07 2.220454e-16 2.275315e-16 1.886835e-15 1.248440e-13 6.180478e-15
2.000000e+00 6.547743e+07 1.319082e+09 2.024751e+07 2.220507e-16 2.359520e-16 2.116041e-15 1.282855e-13 7.706837e-15
3.000000e+00 4.085803e+07 8.537677e+08 1.572794e+07 2.220506e-16 2.348351e-16 1.906648e-15 1.248511e-13 6.355819e-15
4.000000e+00 5.892434e+07 5.881006e+08 1.377328e+07 2.220904e-16 2.563192e-16 2.133969e-15 1.282947e-13 7.895487e-15
5.000000e+00 4.177663e+07 9.546741e+08 1.522858e+07 2.220904e-16 2.558862e-16 1.940095e-15 1.248631e-13 6.654248e-15
6.000000e+00 8.243244e+07 1.593861e+09 1.874837e+07 2.223928e-16 3.198069e-16 2.227562e-16 1.283088e-13 8.256692e-15
7.000000e+00 5.809772e+07 1.096421e+09 1.514200e+07 2.223929e-16 3.198975e-16 1.836659e-15 1.248798e-13 7.094321e-15
8.000000e+00 5.795140e+07 1.016612e+09 1.342965e+07 2.246915e-16 5.606609e-16 1.883295e-15 1.283280e-13 8.812430e-15
9.000000e+00 8.936653e+07 1.465954e+09 1.530539e+07 2.247046e-16 5.696227e-16 1.617374e-15 1.249014e-13 7.704699e-15
1.000000e+01 1.306712e+08 2.417744e+09 1.473369e+07 2.382656e-16 1.962779e-15 1.648226e-15 1.283521e-13 9.599739e-15
1.100000e+01 1.395704e+08 1.633675e+09 1.089401e+07 2.872531e-16 8.890124e-15 1.547546e-15 1.283667e-13 1.012514e-14
1.200000e+01 1.685165e+08 1.875052e+09 9.694390e+06 7.258998e-16 2.457563e-13 1.458032e-15 1.283838e-13 1.079482e-14
1.300000e+01 2.506431e+08 2.481692e+09 8.564184e+06 5.462292e-14 2.036611e-10 1.378260e-15 1.284034e-13 1.163487e-14
1.400000e+01 2.699866e+08 1.629885e+09 5.712759e+06 2.911638e-05 1.334300e-04 1.307022e-15 1.284255e-13 1.267990e-14
1.500000e+01 2.878015e+08 1.722047e+09 4.008776e+06 2.442438e-05 9.945224e-05 1.243296e-15 1.284501e-13 1.397572e-14
1.600000e+01 4.724685e+08 2.060031e+09 2.567320e+06 6.743796e+04 1.387621e+02 1.186207e-15 1.048111e-13 1.558297e-14
1.700000e+01 2.866376e+08 1.035288e+09 9.699240e+05 7.520643e+05 7.958227e+03 1.135011e-15 1.030905e-13 1.770732e-15
1.800000e+01 4.658554e+08 1.299151e+09 8.873718e+05 1.971134e+07 4.193832e+06 1.028382e-15 1.250403e-13 1.447907e-14
1.900000e+01 2.641044e+08 1.173126e+09 1.934078e+05 1.398476e+07 3.030057e+05 1.044942e-15 1.284749e-13 1.936703e-15
2.000000e+01 3.403842e+08 1.025005e+09 1.557679e+05 1.212032e+07 4.014880e+06 9.526304e-16 1.250301e-13 1.237423e-14
2.100000e+01 1.535746e+08 8.712096e+08 2.310141e+04 3.941443e+06 2.194689e+04 9.670545e-16 1.284666e-13 1.262717e-14
2.200000e+01 1.725461e+08 7.983042e+08 1.766700e+04 3.178032e+06 2.910527e+04 8.866193e-16 1.250246e-13 9.416740e-15
2.300000e+01 1.149308e+08 7.958086e+08 1.666271e+03 1.387722e+05 6.035275e-01 8.993997e-16 1.030046e-13 9.592158e-15
2.400000e+01 7.320518e+07 6.508092e+08 1.184939e+03 6.623186e+04 2.347128e-01 8.288806e-16 1.250044e-13 7.310933e-15
2.500000e+01 1.077237e+08 5.120450e+08 5.642633e+01 2.453851e-05 8.795223e+04 8.403958e-16 1.284246e-13 7.437698e-15
2.600000e+01 4.116779e+07 5.199594e+08 4.053052e+01 1.690941e-05 9.357685e-03 7.782054e-16 1.249695e-13 5.782928e-15
2.700000e+01 1.610291e+07 7.982632e+08 1.380982e+03 1.449240e-05 4.881653e-06 7.887499e-16 1.283909e-13 5.878243e-15
2.800000e+01 2.313930e+07 5.247639e+08 3.713991e+00 5.789721e-15 5.496850e-02 7.335938e-16 1.249393e-13 4.654593e-15
2.900000e+01 6.708124e+06 6.487791e+08 3.155702e-01 2.330237e-15 1.303381e-09 7.433986e-16 1.283623e-13 4.729003e-15
3.000000e+01 3.105949e+06 1.062553e+09 1.014366e+02 3.427272e-16 7.156189e-06 7.231718e-16 1.283505e-13 4.277434e-15
3.100000e+01 6.474397e+05 7.285527e+08 1.498297e+02 2.498641e-16 2.940326e-10 7.049000e-16 1.283411e-13 3.901032e-15
3.200000e+01 5.244386e+05 1.334572e+09 5.084590e+00 2.265136e-16 9.448837e-14 6.618047e-16 1.248983e-13 3.211057e-15
3.300000e+01 2.238762e+04 1.724250e+09 4.373723e+00 2.264916e-16 8.575810e-14 6.723111e-16 1.283275e-13 3.295876e-15
3.400000e+01 1.309587e+04 1.847905e+09 7.741201e+01 2.226277e-16 2.316886e-15 6.331378e-16 1.248874e-13 2.746752e-15
3.500000e+01 1.937104e+02 1.699791e+09 5.259091e+01 2.226276e-16 2.303907e-15 6.435656e-16 1.283189e-13 2.825117e-15
3.600000e+01 9.403001e+01 2.368422e+09 5.256171e+02 2.221213e-16 5.508704e-16 6.077659e-16 1.248813e-13 2.381348e-15
3.700000e+01 4.263191e+04 2.247650e+09 2.707491e+02 2.221213e-16 5.508279e-16 6.182051e-16 1.283152e-13 2.454832e-15
3.800000e+01 6.299236e+00 2.478139e+09 1.741206e+03 2.220547e-16 3.158381e-16 5.853111e-16 1.248801e-13 2.090871e-15
3.900000e+01 2.050311e-01 2.561168e+09 8.120905e+02 2.220547e-16 3.160408e-16 5.958441e-16 1.283166e-13 2.160754e-15
4.000000e+01 2.502042e+00 2.510518e+09 3.083470e+03 2.220459e-16 2.547529e-16 5.654532e-16 1.248836e-13 1.857936e-15
4.100000e+01 1.913306e-02 1.508812e+09 8.988962e+02 2.220459e-16 2.551875e-16 5.761578e-16 1.283230e-13 1.925293e-15
4.200000e+01 9.059984e-02 1.967469e+09 2.978594e+03 2.220448e-16 2.347398e-16 5.479206e-16 1.248919e-13 1.669782e-15
4.300000e+01 1.762395e+01 2.125413e+09 8.351046e+02 2.220448e-16 2.357756e-16 5.588725e-16 1.283344e-13 1.735545e-15
4.400000e+01 1.080594e-02 1.398226e+09 1.613453e+03 2.220446e-16 2.282684e-16 5.324828e-16 1.249051e-13 1.516932e-15
4.500000e+01 2.744702e+01 3.799843e+08 2.115251e+02 2.220446e-16 2.308787e-16 5.437578e-16 1.283507e-13 1.581942e-15
4.600000e+01 1.719535e-01 6.243001e+08 4.689212e+02 2.220446e-16 2.280000e-16 5.189439e-16 1.249230e-13 1.392283e-15
4.700000e+01 1.269023e-01 4.117022e+08 1.589783e+05 2.220446e-16 2.348115e-16 5.306199e-16 1.283721e-13 1.457331e-15
4.800000e+01 1.276840e+01 1.721169e+08 4.223974e+02 2.220446e-16 2.336464e-16 5.071377e-16 1.249458e-13 1.290461e-15
4.900000e+01 9.713264e+00 1.809274e+08 3.883566e+02 2.220446e-16 2.524718e-16 5.192972e-16 1.061882e-13 1.356322e-15
5.000000e+01 2.079061e+02 7.610681e+07 1.435155e+03 2.220446e-16 2.515421e-16 4.969238e-16 1.249566e-13 1.207376e-15
5.100000e+01 2.254455e+02 8.480299e+07 1.294503e+03 2.220446e-16 3.161177e-16 5.096557e-16 1.283952e-13 1.274841e-15
5.200000e+01 1.394975e+03 5.373370e+07 3.600181e+03 2.220446e-16 3.055898e-16 4.881841e-16 1.249553e-13 1.139896e-15
5.300000e+01 3.129557e+03 4.884138e+07 5.338747e+03 2.220446e-16 3.517259e-16 4.841832e-16 1.249559e-13 1.110044e-15
5.400000e+01 7.021008e+03 4.437958e+07 7.916885e+03 2.220446e-16 4.048273e-16 4.802150e-16 1.249565e-13 1.080973e-15
5.500000e+01 6.267710e+03 2.912999e+07 7.220060e+03 2.220446e-16 9.606573e-16 4.935796e-16 1.283986e-13 1.147359e-15
5.600000e+01 2.728398e+04 3.175206e+07 1.576781e+04 2.220446e-16 7.679195e-16 4.729585e-16 1.249601e-13 1.029361e-15
5.700000e+01 4.661062e+04 3.083027e+07 1.455468e+04 2.220446e-16 5.244815e-15 4.870138e-16 1.284053e-13 1.098118e-15
5.800000e+01 8.152779e+04 2.187285e+07 2.632482e+04 2.220446e-16 4.846042e-15 4.669505e-16 1.249684e-13 9.882709e-16
5.900000e+01 1.195358e+05 1.916953e+07 2.570021e+04 2.220446e-16 6.354486e-13 4.818211e-16 1.284170e-13 1.060456e-15
6.000000e+01 2.311411e+05 1.673611e+07 3.874086e+04 2.220446e-16 6.060920e-13 4.621270e-16 1.249816e-13 9.564130e-16
6.100000e+01 3.754498e+05 9.787899e+06 2.058575e+04 2.220446e-16 2.211567e-07 4.779528e-16 1.284338e-13 1.033210e-15
6.200000e+01 6.222438e+05 1.044457e+07 4.663874e+04 2.220446e-16 1.615646e-07 4.584372e-16 1.249996e-13 9.328246e-16
6.300000e+01 3.051706e+05 1.861909e+07 4.986337e+04 2.220446e-16 1.379837e-11 4.753777e-16 1.284555e-13 1.015609e-15
6.400000e+01 1.232311e+06 7.870560e+06 4.863734e+04 2.220446e-16 1.263782e-03 4.558429e-16 1.250225e-13 9.168149e-16
6.500000e+01 1.489917e+06 8.310052e+06 4.988007e+04 2.220446e-16 1.211298e-03 4.548162e-16 1.250351e-13 9.106428e-16
6.600000e+01 1.801373e+06 8.767504e+06 5.115456e+04 2.220446e-16 1.160992e-03 4.537917e-16 1.250477e-13 9.045119e-16
6.700000e+01 1.827367e+06 3.724971e+07 8.367681e+04 2.220446e-16 8.350309e-11 4.727682e-16 1.285090e-13 9.986886e-16
6.800000e+01 2.547275e+06 1.620375e+07 5.711533e+04 2.220446e-16 8.352968e-07 4.522699e-16 1.250753e-13 8.957080e-16
6.900000e+01 9.937620e+05 3.624003e+06 2.740049e+04 2.220446e-16 4.787430e+01 4.727359e-16 1.055116e-13 9.992346e-16
