long.t Lactobacillus_iners Lactobacillus_crispatus Lactobacillus_jensenii Lactobacillus_gasseri Gardnerella_vaginalis g_Megasphaera g_Gemella g_Leptotrichia Atopobium_vaginae Prevotella_buccalis Prevotella_bivia g_Dialister
0.000000e+00 2.768782e+07 2.608580e-16 6.766061e-16 8.850843e-16 2.308837e-16 2.253557e-12 7.457892e-13 5.570717e-16 4.769303e-16 1.390831e-12 5.885687e-06 4.773155e-10
1.000000e+00 2.768779e+07 2.609823e-16 6.767278e-16 8.721277e-16 2.308390e-16 2.253482e-12 7.458360e-13 5.570620e-16 4.768926e-16 1.391734e-12 5.876009e-06 5.235790e-10
2.000000e+00 2.768941e+07 2.566433e-16 6.368844e-16 8.374862e-16 2.298908e-16 1.912468e-12 7.456509e-13 5.570358e-16 4.534470e-16 9.838199e-13 5.880525e-06 1.073465e-10
3.000000e+00 2.768936e+07 2.637983e-16 6.828758e-16 8.501462e-16 2.312118e-16 2.269712e-12 7.460094e-13 5.570474e-16 4.815349e-16 1.436349e-12 5.874937e-06 2.048231e-09
4.000000e+00 2.768946e+07 2.664732e-16 6.889168e-16 8.409315e-16 2.316186e-16 2.286127e-12 7.444451e-13 5.570387e-16 4.862147e-16 1.481278e-12 5.882617e-06 7.183405e-09
5.000000e+00 2.768914e+07 2.705353e-16 6.980072e-16 8.336765e-16 2.322563e-16 2.311038e-12 7.443350e-13 5.570350e-16 4.933338e-16 2.153537e-13 5.881639e-06 4.723653e-08
6.000000e+00 2.768961e+07 2.761301e-16 7.102684e-16 8.282971e-16 2.331361e-16 2.344721e-12 7.457875e-13 5.570355e-16 5.030075e-16 1.515452e-12 5.881662e-06 1.539776e-09
7.000000e+00 2.768888e+07 2.834966e-16 7.258831e-16 8.247317e-16 2.342787e-16 2.387556e-12 7.455493e-13 5.570404e-16 5.154153e-16 1.503443e-12 5.882686e-06 5.759175e-09
8.000000e+00 2.768978e+07 2.851492e-16 7.043818e-16 8.020614e-16 2.344331e-16 2.081207e-12 7.450781e-13 5.570230e-16 5.058137e-16 1.112053e-12 5.879815e-06 3.318386e-07
9.000000e+00 2.768819e+07 3.024491e-16 7.646589e-16 8.203740e-16 2.371136e-16 2.493568e-12 7.451470e-13 5.570401e-16 5.464653e-16 1.524305e-12 5.876303e-06 6.350176e-06
1.000000e+01 2.768795e+07 3.147591e-16 7.882969e-16 8.195457e-16 2.388690e-16 2.557598e-12 7.449809e-13 5.570350e-16 5.656014e-16 1.557681e-12 5.887346e-06 8.575436e-08
1.100000e+01 2.768684e+07 3.305893e-16 8.164325e-16 8.204431e-16 2.410281e-16 2.632890e-12 7.448498e-13 5.570340e-16 5.886513e-16 1.615630e-12 5.878622e-06 9.008870e-08
1.200000e+01 2.768533e+07 3.508954e-16 8.495867e-16 8.230739e-16 2.436527e-16 2.720361e-12 7.447529e-13 5.570370e-16 6.161710e-16 1.700841e-12 5.889530e-06 1.406984e-05
1.300000e+01 2.768404e+07 3.770512e-16 8.884032e-16 8.274649e-16 2.468225e-16 1.225567e-12 7.446899e-13 5.570446e-16 6.488648e-16 3.686625e-13 5.881059e-06 5.220248e-08
1.400000e+01 2.768298e+07 3.878183e-16 8.809747e-16 8.128310e-16 2.480145e-16 2.467788e-12 7.443898e-13 5.570311e-16 6.509164e-16 1.375101e-12 5.886558e-06 5.591369e-07
1.500000e+01 2.768018e+07 4.471800e-16 9.809664e-16 8.391252e-16 2.544315e-16 2.939736e-12 7.446257e-13 5.570542e-16 7.283507e-16 1.816443e-12 5.882295e-06 3.190111e-06
1.600000e+01 2.767815e+07 4.596888e-16 9.756324e-16 8.252246e-16 2.556539e-16 2.584415e-12 7.443536e-13 5.570311e-16 7.323682e-16 1.406723e-12 5.886307e-06 2.367133e-07
1.700000e+01 2.767434e+07 5.475930e-16 1.094175e-15 8.531321e-16 2.636673e-16 1.428243e-12 7.446174e-13 5.570444e-16 8.281747e-16 4.210559e-13 5.880764e-06 7.787041e-09
1.800000e+01 2.768947e+07 6.192953e-16 1.162034e-15 8.617823e-16 2.693556e-16 3.115471e-12 7.446437e-13 5.570367e-16 8.896399e-16 1.774541e-12 5.888812e-06 7.116722e-07
1.900000e+01 2.767426e+07 7.193005e-16 1.241444e-15 8.725275e-16 2.763346e-16 3.157061e-12 7.447032e-13 5.570337e-16 9.633989e-16 1.709856e-12 5.888142e-06 4.506760e-07
2.000000e+01 2.767701e+07 8.614787e-16 1.334483e-15 8.854886e-16 2.848625e-16 3.211184e-12 7.447963e-13 5.570344e-16 1.052201e-15 1.672154e-12 5.888558e-06 6.031292e-07
2.100000e+01 2.767959e+07 1.069230e-15 1.443741e-15 9.008147e-16 2.952793e-16 3.278482e-12 7.449234e-13 5.570390e-16 1.159626e-15 1.659607e-12 5.880200e-06 8.165971e-09
2.200000e+01 2.768172e+07 1.175274e-15 1.465286e-15 8.946664e-16 2.998830e-16 2.892050e-12 7.448144e-13 5.570213e-16 1.194518e-15 1.306139e-12 5.885521e-06 1.746116e-07
2.300000e+01 2.768306e+07 1.777593e-15 1.711951e-15 9.362040e-16 3.210095e-16 3.442917e-12 7.452440e-13 5.570374e-16 1.434766e-15 1.682951e-12 5.890801e-06 1.712995e-06
2.400000e+01 2.768381e+07 2.408788e-15 1.877453e-15 9.565800e-16 3.372179e-16 3.541445e-12 7.454391e-13 5.570306e-16 1.612609e-15 1.719505e-12 5.892287e-06 3.520344e-06
2.500000e+01 2.768510e+07 3.470408e-15 2.074700e-15 9.800737e-16 3.574755e-16 3.656582e-12 7.456716e-13 5.570268e-16 1.833388e-15 1.782918e-12 5.884932e-06 9.071245e-08
2.600000e+01 2.768568e+07 5.366940e-15 2.311036e-15 1.006993e-15 3.829005e-16 3.789800e-12 7.442927e-13 5.570251e-16 2.110010e-15 1.876173e-12 5.896441e-06 2.897969e-05
2.700000e+01 2.768635e+07 9.012984e-15 2.595934e-15 1.037705e-15 4.150496e-16 1.896415e-12 7.444078e-13 5.570249e-16 2.460256e-15 5.484781e-13 5.888886e-06 1.244327e-04
2.800000e+01 2.768638e+07 1.666862e-14 2.941717e-15 1.072643e-15 4.561298e-16 4.043081e-12 7.459068e-13 5.570261e-16 2.908972e-15 2.008452e-12 5.890491e-06 7.442781e-06
2.900000e+01 2.768656e+07 3.453181e-14 3.364561e-15 1.112323e-15 5.093401e-16 4.161782e-12 7.458341e-13 5.570292e-16 3.491401e-15 2.043421e-12 5.891201e-06 3.427436e-05
3.000000e+01 2.768646e+07 8.182201e-14 3.885911e-15 1.157359e-15 5.794383e-16 4.300464e-12 7.458007e-13 5.570350e-16 4.258356e-15 2.110370e-12 5.900761e-06 1.596901e-02
3.100000e+01 2.768624e+07 2.275159e-13 4.534487e-15 1.208478e-15 6.737173e-16 2.129624e-12 7.458065e-13 5.570449e-16 5.284388e-15 5.947153e-13 5.891551e-06 4.021306e-04
3.200000e+01 2.768624e+07 3.568770e-13 4.787931e-15 1.226096e-15 7.198939e-16 3.920129e-12 7.455803e-13 5.570338e-16 5.766389e-15 1.706863e-12 5.896283e-06 9.896182e-03
3.300000e+01 2.768558e+07 2.518371e-12 6.306723e-15 1.327196e-15 9.558529e-16 4.660662e-12 7.458971e-13 5.570600e-16 9.986825e-16 2.133680e-12 5.901062e-06 4.098649e-03
3.400000e+01 2.768521e+07 3.802144e-12 6.655025e-15 1.349321e-15 1.016416e-15 4.108667e-12 7.457114e-13 5.570415e-16 7.019508e-15 1.671247e-12 5.897249e-06 4.795772e-02
3.500000e+01 2.768367e+07 4.340718e-11 8.974320e-15 1.469353e-15 1.437975e-15 4.906996e-12 7.460694e-13 5.570622e-16 7.980260e-15 5.836476e-13 5.893518e-06 1.261787e-02
3.600000e+01 2.768374e+07 6.647744e-11 9.474423e-15 1.497839e-15 1.531942e-15 4.338904e-12 7.459256e-13 5.570388e-16 6.789628e-15 1.559547e-12 5.898792e-06 8.240292e-02
3.700000e+01 2.768171e+07 1.294875e-09 1.309458e-14 1.641847e-15 2.323891e-15 2.425560e-12 7.463269e-13 5.570539e-16 7.848996e-15 4.850140e-13 5.893365e-06 1.156509e-02
3.800000e+01 2.768242e+07 9.983137e-11 1.604312e-14 1.744372e-15 3.097680e-15 5.281708e-12 7.464987e-13 5.570505e-16 7.941850e-15 1.616105e-12 5.893167e-06 6.401811e-03
3.900000e+01 2.767940e+07 3.301950e-08 1.995847e-14 1.863011e-15 4.371180e-15 2.480942e-12 7.450391e-13 5.570553e-16 8.204507e-15 3.874536e-13 5.891028e-06 1.882086e-03
4.000000e+01 2.767888e+07 1.001807e-09 2.523216e-14 2.000695e-15 6.577817e-15 5.394140e-12 7.467338e-13 5.570695e-16 8.655164e-15 1.189118e-12 5.898737e-06 5.794981e-02
4.100000e+01 2.767566e+07 3.201340e-07 3.244492e-14 2.161046e-15 1.064858e-14 2.503381e-12 7.451327e-13 5.570969e-16 9.326488e-15 1.001043e-12 5.886221e-06 1.206649e-04
4.200000e+01 2.767569e+07 6.642064e-09 7.116048e-15 2.348576e-15 1.873877e-14 5.383630e-12 7.466699e-13 5.571446e-16 1.026996e-14 8.544033e-13 5.894048e-06 4.177885e-03
4.300000e+01 2.767129e+07 1.206109e-06 4.716729e-14 2.568940e-15 3.628699e-14 2.550215e-12 7.465852e-13 5.572252e-16 1.156315e-14 7.391660e-13 5.882245e-06 1.597661e-05
4.400000e+01 2.768667e+07 1.911449e-08 5.339971e-14 1.067794e-15 7.844656e-14 5.255880e-12 7.465437e-13 5.573598e-16 1.332145e-14 6.480188e-13 5.889288e-06 4.050765e-06
4.500000e+01 2.767248e+07 2.094097e-06 6.166167e-14 2.783680e-15 1.925516e-13 5.175895e-12 7.465450e-13 5.575836e-16 1.571709e-14 1.487524e-13 5.877425e-06 3.950628e-07
4.600000e+01 2.767578e+07 2.588743e-08 7.266376e-14 2.758546e-15 1.168938e-14 5.117225e-12 7.465893e-13 5.579553e-16 1.901009e-14 4.780064e-13 5.884387e-06 2.507484e-06
4.700000e+01 2.767799e+07 1.895558e-06 8.744459e-14 2.753229e-15 6.164872e-13 5.079152e-12 7.449003e-13 5.570206e-16 2.359976e-14 4.019801e-13 5.882371e-06 2.400069e-07
4.800000e+01 2.768168e+07 1.304061e-08 1.554411e-14 2.767600e-15 8.250359e-13 5.061217e-12 7.465552e-13 5.579565e-16 3.011211e-14 3.422163e-13 5.881366e-06 4.639884e-08
4.900000e+01 2.768170e+07 8.600755e-07 1.120637e-13 2.802039e-15 1.321484e-12 5.063211e-12 7.448334e-13 5.575862e-16 3.955212e-14 2.948575e-13 5.881359e-06 9.812414e-11
5.000000e+01 2.768361e+07 3.580779e-09 1.194435e-13 2.857456e-15 2.563193e-12 5.085169e-12 7.462071e-13 5.573645e-16 5.357624e-14 2.570625e-13 5.882349e-06 1.890082e-09
5.100000e+01 2.768428e+07 1.724239e-07 1.302651e-13 2.935334e-15 6.122449e-12 2.296328e-12 7.459789e-13 5.572334e-16 7.499485e-14 2.267200e-13 5.874276e-06 3.574098e-10
5.200000e+01 2.768620e+07 3.444941e-10 1.714923e-14 1.169442e-15 2.218319e-13 5.091642e-12 7.457908e-13 5.571583e-16 1.087293e-13 2.022482e-13 5.885089e-06 1.100762e-10
5.300000e+01 2.768528e+07 1.326701e-08 1.371820e-13 2.827304e-15 2.276104e-11 2.222076e-12 7.456417e-13 5.571196e-16 1.636998e-13 1.824535e-13 5.876839e-06 5.336234e-11
5.400000e+01 2.768658e+07 6.880366e-10 1.016971e-13 2.526673e-15 1.239483e-11 4.228176e-12 7.452601e-13 5.570796e-16 1.805803e-13 1.351757e-13 5.882528e-06 1.018447e-11
5.500000e+01 2.768623e+07 8.611105e-10 1.278082e-13 2.487725e-15 5.724199e-11 4.890933e-12 7.454196e-13 5.570887e-16 3.056139e-14 1.517586e-13 5.877731e-06 2.814274e-11
5.600000e+01 2.768699e+07 7.339189e-11 9.571454e-14 2.244464e-15 3.402230e-11 4.080933e-12 7.450745e-13 5.570607e-16 3.295449e-13 1.132076e-13 5.882322e-06 7.374886e-12
5.700000e+01 2.768664e+07 1.123597e-10 1.245590e-13 2.223348e-15 9.441501e-13 4.749348e-12 7.452695e-13 5.570769e-16 3.231176e-14 1.289010e-13 5.886460e-06 3.094487e-11
5.800000e+01 2.768731e+07 1.493313e-11 9.401648e-14 2.023520e-15 5.094287e-11 3.968643e-12 7.449592e-13 5.570528e-16 3.709501e-13 9.672565e-14 5.881838e-06 1.074952e-11
5.900000e+01 2.768704e+07 2.752771e-11 1.270419e-13 2.015673e-15 4.553931e-13 4.647863e-12 7.451883e-13 5.570710e-16 5.412351e-13 1.117625e-13 5.886988e-06 7.325980e-11
6.000000e+01 2.768769e+07 5.345407e-12 9.636778e-14 1.849224e-15 1.360162e-11 3.888576e-12 7.449117e-13 5.570473e-16 3.388605e-13 8.427078e-14 5.883384e-06 3.234715e-11
6.100000e+01 2.768743e+07 1.200898e-11 1.357194e-13 1.851580e-15 1.396368e-11 4.584033e-12 7.451744e-13 5.570644e-16 5.277988e-13 9.888668e-14 5.889574e-06 3.989946e-10
6.200000e+01 2.768820e+07 3.194956e-12 1.030949e-13 1.711141e-15 1.872938e-12 3.838821e-12 7.449313e-13 5.570380e-16 3.365774e-13 7.483240e-14 5.887041e-06 2.163943e-10
6.300000e+01 2.768743e+07 9.031435e-12 1.520614e-13 1.721639e-15 1.991807e-12 4.556365e-12 7.452274e-13 5.570499e-16 5.643764e-13 8.926476e-14 5.884208e-06 5.577367e-09
6.400000e+01 2.768800e+07 1.041594e-11 1.650105e-13 1.669231e-15 9.215185e-13 4.560358e-12 7.452890e-13 5.570421e-16 6.124816e-13 8.566700e-14 5.885076e-06 3.805987e-08
6.500000e+01 2.768774e+07 1.640558e-11 1.837340e-13 1.626694e-15 5.191326e-13 1.828109e-12 7.453871e-13 5.570404e-16 6.991063e-13 8.305279e-14 5.885142e-06 3.588269e-10
6.600000e+01 2.768814e+07 1.627205e-14 8.928469e-15 1.593180e-15 3.519938e-13 4.533289e-12 7.455222e-13 5.570442e-16 2.029097e-14 8.134015e-14 5.894465e-06 1.616628e-09
6.700000e+01 2.768747e+07 2.429649e-11 2.042007e-13 1.568045e-15 2.862690e-13 4.502430e-12 7.439631e-13 5.570546e-16 7.938847e-13 8.047858e-14 5.883721e-06 9.523914e-10
6.800000e+01 2.768791e+07 3.833475e-12 1.313342e-13 1.487570e-15 9.931042e-14 3.730403e-12 7.453893e-13 5.570466e-16 4.085035e-13 6.184990e-14 5.888250e-06 7.876982e-08
6.900000e+01 2.768642e+07 2.220396e-11 2.035223e-13 1.534157e-15 2.737248e-13 4.476227e-12 7.456256e-13 5.570791e-16 7.869003e-13 8.041170e-14 5.891911e-06 4.496756e-06
