long.t Lactobacillus_iners Lactobacillus_crispatus Lactobacillus_jensenii Gardnerella_vaginalis g_Megasphaera g_Gemella g_Leptotrichia g_Parvimonas Atopobium_vaginae Prevotella_buccalis Prevotella_bivia g_Dialister g_Mobiluncus
0.000000e+00 1.392335e+04 2.652386e-16 1.574458e-05 1.331622e+08 2.422751e+07 1.635424e+03 6.386351e-16 1.436088e+07 3.989693e+07 1.095333e-15 3.984893e-07 2.880383e+06 1.355831e-06
1.000000e+00 7.015506e+03 2.653185e-16 5.931994e-09 1.376772e+08 8.432770e+07 1.879134e+03 5.699652e-16 1.125606e+07 1.001701e+08 1.160501e-15 2.717827e-08 2.774821e+06 1.431646e-06
2.000000e+00 1.291564e+03 2.662223e-16 8.192701e-09 1.111351e+08 1.483331e+07 1.330526e+03 5.630723e-16 2.575129e+07 9.435124e+07 1.608900e-15 2.687906e-08 2.670882e+06 2.484375e-06
3.000000e+00 8.494401e+01 2.679336e-16 2.342148e-06 8.838946e+07 1.750933e+07 8.144699e+02 6.086207e-16 6.244019e+06 2.946262e+07 2.944045e-15 3.174967e-08 2.312209e+06 3.586031e-08
4.000000e+00 9.034103e+03 2.704693e-16 4.107298e-09 9.787597e+07 8.632556e+06 6.765861e+02 7.329825e-16 1.293950e+07 2.435608e+07 7.684607e-15 4.847056e-07 2.469097e+06 9.443406e-08
5.000000e+00 1.929571e+00 2.738770e-16 2.982403e-07 7.900889e+07 5.677421e+06 2.946562e+02 1.035606e-15 7.257688e+06 1.244900e+07 3.326694e-14 5.510441e-07 1.815823e+06 1.310586e-05
6.000000e+00 2.679957e+00 2.732339e-16 1.725990e-08 5.072351e+07 7.192027e+06 2.050439e+02 1.257501e-15 6.248120e+06 1.136976e+07 6.485182e-14 1.783175e-07 1.394672e+06 2.547764e-06
7.000000e+00 5.408660e-02 2.825431e-16 5.796503e-08 4.350021e+07 3.014959e+06 3.364826e+01 3.269774e-15 4.041780e+06 5.407443e+06 2.102000e-12 7.555710e-07 1.090934e+06 5.251126e-07
8.000000e+00 6.432345e+00 2.879712e-16 3.095349e-10 3.874972e+07 4.227922e+06 1.003357e+03 9.434700e-15 5.536796e+06 5.940628e+06 4.753673e-11 9.107910e-07 1.145995e+06 4.301435e-05
9.000000e+00 4.651089e+00 2.946581e-16 1.341914e-08 3.927651e+07 1.961616e+06 9.782272e+00 5.908530e-14 2.832350e+06 2.425767e+06 5.390866e-09 1.129359e-06 1.132781e+06 7.684330e-05
1.000000e+01 5.000033e-02 3.027882e-16 7.542998e-11 4.641048e+07 2.200193e+06 7.308644e+00 1.252855e-12 5.351725e+06 3.686543e+06 1.894592e-10 1.439970e-06 1.058492e+06 2.279065e-04
1.100000e+01 2.141129e-01 3.126009e-16 1.486549e-09 3.369813e+07 1.907554e+06 3.143145e+00 1.611663e-14 3.071757e+06 4.335851e+06 9.267238e-05 1.887060e-06 9.554790e+05 2.040918e-05
1.200000e+01 6.365646e+02 3.244059e-16 4.971717e-10 3.965285e+07 2.089805e+06 8.248695e+01 5.936453e-11 9.316148e+06 1.073731e+07 1.171068e-06 2.540368e-06 1.121788e+06 8.671514e-05
1.300000e+01 8.276591e+00 3.386045e-16 2.162054e-12 4.410186e+07 4.899307e+06 1.330817e+00 1.961477e-14 1.287631e+07 1.302350e+07 1.913678e-05 3.510925e-06 1.309629e+06 1.805304e-04
1.400000e+01 4.333457e+02 3.441173e-16 1.441566e-11 4.848527e+07 4.976557e+06 2.559624e+00 8.771925e-13 1.920632e+07 1.155941e+07 1.792806e-03 1.782929e-06 1.368569e+06 1.280863e-03
1.500000e+01 1.856246e+03 3.734095e-16 7.854140e-12 4.735912e+07 9.061608e+06 5.374847e+01 1.386919e-13 1.128298e+07 2.080485e+07 1.564875e-05 7.069806e-06 1.318587e+06 3.716356e-04
1.600000e+01 9.830701e+03 3.950687e-16 1.828646e-12 5.484182e+07 2.417126e+07 1.092574e+00 1.472906e-14 3.367775e+07 2.471932e+07 1.598322e-01 1.028412e-05 1.603733e+06 2.615626e-02
1.700000e+01 2.289196e+04 4.216597e-16 5.495050e-13 4.321336e+07 2.652253e+06 1.334171e+00 3.953372e-15 2.793796e+06 1.948725e+07 4.012691e-06 1.531076e-05 1.169259e+06 8.973610e-04
1.800000e+01 4.015375e+04 4.544836e-16 2.055747e-13 5.082534e+07 3.466048e+07 1.179445e+00 1.884793e-15 2.470214e+07 3.706625e+07 1.554281e-01 2.330919e-05 2.275037e+06 7.451611e-02
1.900000e+01 1.122506e+05 4.678234e-16 5.179250e-14 4.674449e+07 2.126219e+06 3.263942e+00 9.347819e-16 2.907877e+06 1.758001e+07 1.056847e-03 1.519918e-05 1.622569e+06 1.304013e-02
2.000000e+01 6.489006e+04 5.391768e-16 4.101098e-14 3.739799e+07 2.530864e+06 7.764334e-01 8.622726e-16 1.413677e+06 4.778987e+06 7.780869e-05 1.238670e-05 1.348066e+06 8.808520e-03
2.100000e+01 5.741623e+04 5.949269e-16 2.100437e-14 4.188363e+07 5.064475e+06 3.686671e+01 6.956280e-16 6.590065e+06 1.488770e+07 4.641965e-05 2.155729e-05 1.445493e+06 1.525704e-02
2.200000e+01 4.824878e+04 6.158589e-16 8.244194e-15 3.218243e+07 4.095583e+06 1.538228e+00 5.279619e-16 2.393360e+06 3.844168e+06 4.095113e-04 6.618417e-05 1.327744e+06 7.673819e-02
2.300000e+01 2.525866e+04 7.453882e-16 7.019411e-15 3.075299e+07 4.950897e+06 7.193056e-01 5.543939e-16 3.638012e+06 9.096892e+06 2.964756e-02 6.407048e-05 1.249553e+06 2.434585e-02
2.400000e+01 1.170097e+04 8.491331e-16 4.450516e-15 2.447271e+07 2.612206e+06 5.100197e+01 5.185006e-16 2.025477e+06 7.583424e+06 7.123403e-02 1.112210e-04 1.155475e+06 2.543307e-02
2.500000e+01 8.712988e+03 8.874149e-16 2.377685e-15 2.428209e+07 3.222252e+06 3.584995e+00 4.427673e-16 2.692693e+06 1.265359e+07 4.065033e-03 3.175503e-04 1.053730e+06 7.866980e-02
2.600000e+01 1.165616e+03 1.145435e-15 2.102599e-15 2.445831e+07 6.748103e+06 2.537284e+00 4.734048e-16 3.893134e+06 1.986471e+07 1.269455e-02 3.590075e-04 1.257673e+06 1.251471e-02
2.700000e+01 3.309020e+02 1.362092e-15 1.535686e-15 1.885594e+07 4.097522e+06 3.809978e+02 4.512514e-16 1.665610e+06 1.665635e+07 1.964103e-01 5.916295e-04 8.401017e+05 8.226632e-03
2.800000e+01 1.293646e+05 1.665054e-15 1.185700e-15 1.748312e+07 2.336687e+06 2.317347e+01 4.463647e-16 4.230418e+05 7.802941e+06 8.017341e-01 1.070913e-03 7.619628e+05 3.186262e-03
2.900000e+01 2.576014e+02 2.099284e-15 9.599859e-16 2.801068e+07 1.960531e+06 6.866302e+01 4.568398e-16 1.917450e+06 1.353646e+07 9.973259e-01 2.143250e-03 1.050928e+06 1.116424e-03
3.000000e+01 2.552635e+03 2.287885e-15 7.134222e-16 1.834028e+07 3.160951e+05 3.541433e+02 4.184217e-16 2.431264e+05 2.698905e+06 1.956015e+00 5.135287e-03 7.967710e+05 8.490103e-04
3.100000e+01 4.811207e+03 3.564117e-15 6.794549e-16 2.120821e+07 6.542969e+05 5.492422e+02 4.653985e-16 5.238604e+05 3.312971e+06 5.973417e+03 6.865551e-03 1.019510e+06 2.122344e-03
3.200000e+01 1.227909e+04 4.836571e-15 5.887661e-16 2.437484e+07 1.887474e+05 1.521732e+03 4.661842e-16 1.115559e+06 5.522055e+06 9.329811e-01 1.173833e-02 8.801382e+05 7.503669e-04
3.300000e+01 3.968946e+04 5.365352e-15 4.817032e-16 2.707642e+07 5.785138e+05 4.910929e+03 4.201394e-16 1.915119e+06 6.150185e+06 9.265681e+01 2.906855e-02 8.760042e+05 4.613121e-05
3.400000e+01 5.046718e+04 9.745187e-15 4.657435e-16 2.876148e+07 8.132686e+05 6.215251e+03 4.614655e-16 1.706154e+06 9.511226e+06 8.427745e+01 3.638994e-02 9.364961e+05 2.673767e-04
3.500000e+01 8.700272e+04 1.461722e-14 4.225531e-16 3.438678e+07 1.521716e+06 1.441101e+04 4.543095e-16 3.767293e+06 1.740033e+07 3.449907e+02 6.571993e-02 1.095442e+06 2.646441e-04
3.600000e+01 9.355282e+04 2.338866e-14 3.905166e-16 3.216281e+07 1.038943e+06 2.456822e+04 4.659495e-16 1.752291e+06 1.331223e+07 2.080514e+02 1.205247e-01 8.492493e+05 5.605397e-06
3.700000e+01 1.728026e+05 2.742026e-14 3.485804e-16 3.967302e+07 1.647032e+06 5.978846e+04 4.273709e-16 2.987318e+06 1.520596e+07 7.212522e+02 2.965707e-01 1.141537e+06 4.637724e-05
3.800000e+01 1.881293e+05 6.874023e-14 3.436821e-16 3.937765e+07 1.323310e+06 6.585411e+04 4.836372e-16 1.067398e+06 6.184104e+06 2.121017e+01 3.846079e-01 1.031809e+06 5.297206e-06
3.900000e+01 2.808552e+05 1.283103e-13 3.261944e-16 5.689147e+07 2.208310e+06 1.136227e+05 4.953017e-16 2.634066e+06 1.072543e+07 1.908535e+00 7.069368e-01 1.222461e+06 3.754479e-06
4.000000e+01 3.530951e+05 1.551650e-13 3.019924e-16 4.724973e+07 2.264694e+06 2.073865e+05 4.504789e-16 1.066929e+06 4.861525e+06 1.046689e+00 1.654266e+00 1.086244e+06 1.336492e-05
4.100000e+01 5.282221e+05 3.006404e-13 2.907296e-16 5.421347e+07 5.575413e+06 2.944779e+05 4.474890e-16 2.084568e+06 6.581531e+06 3.433096e-02 2.916240e+00 1.085346e+06 5.706800e-06
4.200000e+01 4.394991e+05 1.088489e-12 2.871947e-16 5.466819e+07 9.150756e+06 3.111781e+05 4.807217e-16 1.266357e+06 9.808647e+06 3.550061e+00 3.565713e+00 1.097574e+06 2.314569e-07
4.300000e+01 4.944254e+05 2.495608e-12 2.771000e-16 6.553934e+07 1.826089e+07 4.703279e+05 4.559357e-16 8.445884e+06 1.803356e+07 2.774881e+00 6.326343e+00 1.169243e+06 4.391688e-06
4.400000e+01 6.082786e+05 6.598860e-12 2.691074e-16 6.512022e+07 6.336622e+06 5.678704e+05 4.506227e-16 1.639040e+06 1.729850e+07 1.758837e-03 1.062869e+01 7.974256e+05 1.578394e-06
4.500000e+01 7.650190e+05 4.912636e-13 2.627978e-16 7.097420e+07 8.771534e+06 6.981193e+05 4.616027e-16 8.199845e+06 4.337294e+07 2.803680e-02 1.856908e+01 1.314231e+06 8.796770e-07
4.600000e+01 5.330468e+05 3.567328e-11 2.578721e-16 6.264964e+07 1.914338e+06 7.614235e+05 4.949100e-16 2.201992e+06 1.990237e+07 2.316503e-02 3.026024e+01 1.054455e+06 7.519909e-07
4.700000e+01 5.420575e+05 2.862672e-11 2.505176e-16 6.982588e+07 1.594628e+06 1.106389e+06 4.648731e-16 3.712397e+06 2.731421e+07 2.624826e-01 7.287522e+01 1.023139e+06 1.482423e-07
4.800000e+01 5.147200e+05 5.572249e-11 2.470832e-16 6.540267e+07 1.112585e+06 1.208834e+06 4.773353e-16 3.477362e+06 1.882919e+07 6.052958e-02 1.203477e+02 1.032743e+06 1.797827e-07
4.900000e+01 5.361802e+05 1.084649e-10 2.436958e-16 6.125965e+07 7.762599e+05 1.320765e+06 4.619957e-16 3.257207e+06 1.668494e+07 1.395837e-02 1.987449e+02 1.042437e+06 2.180337e-07
5.000000e+01 6.517835e+05 1.670147e-11 2.424545e-16 6.985214e+07 4.192941e+06 1.301893e+06 4.869152e-16 3.944409e+06 1.883891e+07 1.565841e-05 2.562185e+02 1.222299e+06 2.253501e-08
5.100000e+01 8.783188e+05 7.410185e-10 2.392614e-16 6.395849e+07 1.657917e+06 1.393748e+06 4.486945e-16 4.898808e+06 3.528852e+07 2.321618e-07 2.083290e+03 1.010141e+06 1.532732e-08
5.200000e+01 6.071700e+05 2.881630e-11 2.366374e-16 4.583774e+07 3.095409e+06 1.196199e+06 4.295495e-16 3.412478e+06 2.931114e+07 6.584421e-06 3.633449e+03 8.835541e+05 4.216457e-07
5.300000e+01 9.008301e+05 2.878334e-11 2.344759e-16 5.025557e+07 4.388817e+06 1.238666e+06 4.205241e-16 4.752921e+06 5.007595e+07 2.964189e-08 9.423410e+02 9.294150e+05 2.400779e-07
5.400000e+01 8.546542e+05 5.129390e-10 2.326955e-16 4.333915e+07 2.670907e+06 1.160933e+06 4.182699e-16 1.743483e+06 1.849293e+07 1.702151e-09 1.421067e+03 8.585372e+05 2.031771e-07
5.500000e+01 8.348338e+05 3.360543e-10 2.312336e-16 4.402823e+07 5.763277e+05 1.138969e+06 4.222019e-16 1.839754e+06 1.114648e+07 8.205636e-10 2.277177e+03 7.565473e+05 2.544963e-07
5.600000e+01 1.015954e+06 2.732934e-10 2.300412e-16 4.612425e+07 6.042747e+06 1.249742e+06 4.343043e-16 1.963509e+06 1.673723e+07 3.159904e-09 3.637087e+03 9.452483e+05 9.330928e-09
5.700000e+01 8.315745e+05 1.012364e-10 2.284097e-16 3.354852e+07 1.466454e+06 9.522869e+05 3.996395e-16 2.695532e+06 1.932680e+07 1.774995e-09 5.859796e+03 6.342950e+05 9.593272e-08
5.800000e+01 2.453328e+05 5.976337e-12 2.280919e-16 1.765450e+07 5.765198e+05 5.697126e+05 4.331956e-16 8.149519e+05 6.399283e+06 2.385527e-06 5.733515e+03 4.502594e+05 5.466853e-07
5.900000e+01 5.990124e+05 1.502496e-10 2.272833e-16 2.882147e+07 6.725341e+06 8.193966e+05 4.198056e-16 3.391022e+06 3.263245e+07 2.262006e-08 9.245223e+03 5.895529e+05 1.532728e-08
6.000000e+01 3.412524e+05 1.022997e-10 2.266271e-16 2.076822e+07 1.074314e+06 7.042981e+05 4.140079e-16 6.514634e+05 5.777979e+06 3.304200e-07 1.232509e+04 4.704216e+05 1.390634e-08
6.100000e+01 3.245534e+05 8.508239e-11 2.261024e-16 1.915527e+07 1.338408e+06 6.594684e+05 4.132672e-16 4.653136e+05 4.158478e+06 2.254461e-07 1.727298e+04 5.004814e+05 7.997654e-09
6.200000e+01 2.603952e+05 8.634824e-11 2.256931e-16 2.218991e+07 2.182218e+06 6.855310e+05 4.171917e-16 2.100854e+06 1.150345e+07 4.771056e-09 2.125904e+04 4.730500e+05 2.367638e-09
6.300000e+01 1.416356e+05 1.072882e-10 2.253878e-16 1.126881e+07 1.237624e+06 4.362951e+05 4.271146e-16 5.618323e+05 3.995882e+06 7.559407e-08 2.132155e+04 3.371289e+05 2.885126e-08
6.400000e+01 1.260912e+05 1.645465e-10 2.251784e-16 1.281655e+07 1.305633e+06 4.892323e+05 4.470087e-16 9.889731e+05 1.395272e+07 6.133542e-10 2.859249e+04 3.296205e+05 8.041581e-09
6.500000e+01 1.311491e+05 8.854375e-11 2.247173e-16 1.325844e+07 7.184221e+05 4.807910e+05 4.173005e-16 3.738110e+05 5.718994e+06 2.437022e-12 3.838539e+04 3.486593e+05 6.303668e-10
6.600000e+01 1.625605e+05 5.830995e-12 2.249317e-16 1.665775e+07 1.571866e+04 7.822915e+05 4.701749e-16 6.545062e+03 5.047970e+06 1.207389e-12 4.092603e+04 3.658757e+05 1.180304e-09
6.700000e+01 1.447590e+05 7.148537e-10 2.248917e-16 1.766359e+07 7.600048e-06 8.821926e+05 4.782677e-16 4.171993e-06 5.414401e+06 1.523654e-13 4.472543e+04 3.435773e+05 6.063535e-10
6.800000e+01 4.907053e+04 1.104991e-09 2.249447e-16 6.744403e+06 9.484878e-06 2.758296e+05 5.128474e-16 3.651472e-06 1.175772e+06 5.074938e-14 5.763736e+05 2.097239e+05 4.248321e-10
6.900000e+01 7.750359e+04 4.366749e-12 2.251016e-16 1.681033e+07 7.312402e-14 4.320679e+05 5.937029e-16 3.939996e-14 9.922918e+06 4.171177e-14 5.797799e+05 4.064777e+05 4.100232e-10
