long.t Lactobacillus_iners Lactobacillus_crispatus Lactobacillus_jensenii Lactobacillus_gasseri Gardnerella_vaginalis g_Megasphaera g_Gemella g_Parvimonas Atopobium_vaginae Prevotella_buccalis Prevotella_bivia g_Dialister g_Mobiluncus
0.000000e+00 2.233706e-04 1.407756e+07 1.639844e+06 3.923668e-15 2.384846e-04 1.466205e-05 6.733544e-12 4.184561e-08 6.720681e-06 3.833335e+01 2.105588e+00 2.077441e+02 1.210216e-05
1.000000e+00 1.289427e-04 1.407893e+07 1.943164e+06 3.860707e-15 2.385064e-04 1.466335e-05 5.673033e-11 4.184568e-08 7.441468e-06 4.063265e+01 2.105536e+00 2.083199e+02 8.651204e-06
2.000000e+00 2.235132e-04 1.407695e+07 1.437659e+06 3.930956e-15 2.387202e-04 1.468948e-05 5.006338e-11 4.184568e-08 1.560608e-05 3.728055e+01 2.105541e+00 2.033051e+02 1.219676e-05
3.000000e+00 1.290308e-04 1.407688e+07 1.192253e+06 4.140556e-15 2.384895e-04 1.465550e-05 4.946816e-11 4.184561e-08 7.216689e-06 2.965898e+01 2.105532e+00 1.945705e+02 8.570781e-06
4.000000e+00 2.245891e-04 1.407712e+07 1.442566e+06 4.513770e-15 2.387125e-04 1.468492e-05 5.467217e-11 4.184569e-08 1.560183e-05 3.196043e+01 2.105585e+00 2.049614e+02 1.233191e-05
5.000000e+00 1.298997e-04 1.407626e+07 1.214954e+06 5.098355e-15 2.384810e-04 1.465179e-05 6.762673e-11 4.184562e-08 7.135998e-06 2.645532e+01 2.105523e+00 1.936611e+02 8.660960e-06
6.000000e+00 2.265118e-04 1.407720e+07 1.322755e+06 5.977416e-15 2.387062e-04 1.468430e-05 9.383724e-11 4.184569e-08 1.559784e-05 2.265570e+02 2.105589e+00 5.079283e+02 1.248949e-05
7.000000e+00 1.319060e-04 1.407628e+07 1.093397e+06 7.292415e-15 2.384765e-04 1.465316e-05 2.090282e-11 4.184562e-08 7.106566e-06 1.997269e+01 2.105539e+00 1.838895e+02 8.803713e-06
8.000000e+00 1.688946e-04 1.407763e+07 1.102312e+06 7.634019e-15 2.385717e-04 1.466805e-05 9.979240e-11 4.184566e-08 1.043429e-05 3.074070e+01 2.105568e+00 2.219494e+02 1.052663e-05
9.000000e+00 1.367021e-04 1.407822e+07 1.127396e+06 1.179014e-14 2.384757e-04 1.465066e-05 3.228975e-11 4.184561e-08 7.365313e-06 2.200088e+01 2.105564e+00 2.034541e+02 9.016221e-06
1.000000e+01 2.295629e-04 1.407675e+07 8.609144e+05 1.573537e-14 2.386919e-04 1.467799e-05 1.883906e-10 4.184567e-08 1.558862e-05 1.342197e+02 2.105562e+00 1.919373e+02 1.261036e-05
1.100000e+01 1.370850e-04 1.407657e+07 7.339553e+05 2.217688e-14 2.384652e-04 1.464315e-05 3.125094e-11 4.184566e-08 7.246146e-06 2.062886e+01 2.105554e+00 1.942493e+02 8.997107e-06
1.200000e+01 2.308736e-04 1.407682e+07 6.909124e+05 3.318190e-14 2.386840e-04 1.467193e-05 1.556008e-10 4.184566e-08 1.558352e-05 2.020720e+01 2.105604e+00 4.591627e+02 1.259302e-05
1.300000e+01 1.391532e-04 1.407674e+07 5.714078e+05 5.033914e-15 2.384591e-04 1.463806e-05 2.327067e-11 4.184560e-08 7.279980e-06 1.813338e+01 2.105543e+00 1.806554e+02 8.872260e-06
1.400000e+01 2.331674e-04 1.407612e+07 5.189585e+05 5.136450e-14 2.386779e-04 1.466772e-05 9.655400e-11 4.184567e-08 1.557873e-05 1.176201e+02 2.105614e+00 1.967735e+02 1.260094e-05
1.500000e+01 1.416638e-04 1.407664e+07 4.650854e+05 5.351774e-14 2.384540e-04 1.463544e-05 7.484849e-11 4.184560e-08 7.290359e-06 2.071344e+01 2.105573e+00 1.896533e+02 9.039750e-06
1.600000e+01 1.454036e-04 1.407637e+07 4.266675e+05 6.002856e-14 2.386736e-04 1.466500e-05 6.507269e-11 4.184567e-08 1.557427e-05 2.367898e+01 2.105595e+00 1.943501e+02 1.263334e-05
1.700000e+01 1.439777e-04 1.407678e+07 3.375359e+05 7.261173e-14 2.384545e-04 1.463355e-05 1.122491e-11 4.184560e-08 7.383571e-06 2.447097e+01 2.105610e+00 1.924582e+02 9.263750e-06
1.800000e+01 2.353015e-04 1.407550e+07 2.852090e+05 9.500323e-14 2.386711e-04 1.466373e-05 4.709613e-11 4.184567e-08 1.557017e-05 2.393690e+01 2.105620e+00 1.866209e+02 1.271523e-05
1.900000e+01 1.431668e-04 1.407541e+07 2.307109e+05 1.266699e-14 2.384482e-04 1.463216e-05 6.813339e-12 4.184560e-08 7.261526e-06 2.508548e+01 2.105626e+00 1.883719e+02 9.104832e-06
2.000000e+01 2.351772e-04 1.407595e+07 2.177012e+05 1.166769e-13 2.386704e-04 1.466340e-05 2.449048e-11 4.184567e-08 1.556642e-05 2.289296e+01 2.105629e+00 1.833759e+02 1.284130e-05
2.100000e+01 1.440786e-04 1.407546e+07 1.598998e+05 1.098791e-13 2.384505e-04 1.463214e-05 1.698470e-11 4.184559e-08 7.358060e-06 2.125957e+01 2.105630e+00 1.778769e+02 9.230138e-06
2.200000e+01 2.360891e-04 1.407447e+07 1.281320e+05 1.126677e-13 2.386716e-04 1.466365e-05 1.296464e-11 4.184566e-08 1.556302e-05 1.909814e+01 2.105627e+00 1.758438e+02 1.299405e-05
2.300000e+01 1.454291e-04 1.407565e+07 1.133365e+05 1.258500e-13 2.384553e-04 1.463331e-05 1.085556e-11 4.184558e-08 7.301580e-06 1.718104e+01 2.105625e+00 1.704898e+02 9.405793e-06
2.400000e+01 2.380667e-04 1.407406e+07 8.016836e+04 1.534265e-13 2.386746e-04 1.466478e-05 9.949407e-12 4.184565e-08 1.555997e-05 1.439711e+01 2.105615e+00 1.680239e+02 1.318030e-05
2.500000e+01 1.461388e-04 1.407382e+07 6.026219e+04 2.048331e-13 2.384543e-04 1.463484e-05 1.549126e-12 4.184557e-08 7.258553e-06 1.138533e+01 2.105604e+00 1.580636e+02 9.513197e-06
2.600000e+01 1.810219e-04 1.407443e+07 5.427968e+04 2.092177e-13 2.385496e-04 1.464818e-05 4.854613e-12 4.184560e-08 1.041480e-05 1.240556e+01 2.105602e+00 1.697989e+02 1.121779e-05
2.700000e+01 1.488766e-04 1.407568e+07 3.693389e+04 4.127813e-14 2.384621e-04 1.463018e-05 5.296021e-12 4.184554e-08 7.401633e-06 6.481735e+00 2.105570e+00 1.393062e+02 9.563141e-06
2.800000e+01 2.416970e-04 1.407554e+07 2.554130e+05 4.122838e-13 2.386796e-04 1.465502e-05 4.169166e-12 4.184559e-08 1.555294e-05 5.310194e+00 2.105617e+00 1.356580e+02 9.488180e-06
2.900000e+01 1.477315e-04 1.407391e+07 2.174717e+04 4.092322e-14 2.384557e-04 1.461685e-05 4.904478e-13 4.184558e-08 7.152864e-06 3.695862e+00 2.105550e+00 1.267598e+02 9.383196e-06
3.000000e+01 2.433421e-04 1.407262e+07 2.337362e+04 2.750321e-13 2.386816e-04 1.464194e-05 2.115496e-12 4.184557e-08 1.554896e-05 2.803158e+00 2.105618e+00 1.251571e+02 1.285343e-05
3.100000e+01 2.452975e-04 1.407474e+07 3.135563e+04 1.965963e-13 2.386846e-04 1.463782e-05 1.351838e-12 4.184556e-08 1.554752e-05 9.268770e+00 2.105582e+00 2.620853e+02 1.267185e-05
3.200000e+01 2.490638e-04 1.407229e+07 2.131923e+04 1.544351e-13 2.386908e-04 1.463994e-05 9.211397e-13 4.184556e-08 1.554705e-05 1.326134e+00 2.105594e+00 1.099609e+02 1.262229e-05
3.300000e+01 1.551615e-04 1.407187e+07 1.910819e+04 1.296820e-14 2.384779e-04 1.461346e-05 6.660362e-13 4.184550e-08 7.252092e-06 1.008236e+00 2.105612e+00 1.069001e+02 9.131405e-06
3.400000e+01 2.591739e-04 1.407169e+07 1.749876e+04 7.010076e-14 2.387074e-04 1.464896e-05 5.089303e-13 4.184557e-08 1.554724e-05 7.077423e-01 2.105620e+00 1.026805e+02 1.267220e-05
3.500000e+01 1.613858e-04 1.407104e+07 1.464922e+04 4.000249e-14 2.384913e-04 1.462089e-05 4.095740e-13 4.184557e-08 7.252417e-06 4.685088e-01 2.105626e+00 9.586280e+01 9.057296e-06
3.600000e+01 2.708161e-04 1.407099e+07 1.228369e+04 2.445876e-14 2.387258e-04 1.465585e-05 3.462063e-13 4.184558e-08 1.554774e-05 1.576516e+00 2.105629e+00 9.291031e+01 1.275038e-05
3.700000e+01 1.713060e-04 1.407210e+07 1.099709e+04 1.589966e-14 2.385178e-04 1.462829e-05 3.067288e-13 4.184552e-08 7.294879e-06 2.428637e-01 2.105631e+00 9.103517e+01 9.282089e-06
3.800000e+01 2.842694e-04 1.407056e+07 7.948354e+03 1.091431e-14 2.385239e-04 1.466212e-05 2.844082e-13 4.184559e-08 7.147101e-06 8.139972e-01 2.105625e+00 1.853941e+02 1.286138e-05
3.900000e+01 1.808311e-04 1.407143e+07 6.158380e+03 7.864781e-15 2.385336e-04 1.463439e-05 2.757428e-13 4.184553e-08 7.354829e-06 1.419255e-01 2.105621e+00 8.267467e+01 9.400738e-06
4.000000e+01 2.999193e-04 1.406953e+07 4.177195e+03 5.918657e-15 2.387569e-04 1.466916e-05 2.794464e-13 4.184561e-08 1.554609e-05 5.113692e-01 2.105611e+00 1.721041e+02 1.302261e-05
4.100000e+01 1.887903e-04 1.406972e+07 3.002730e+03 4.630964e-15 2.385461e-04 1.464194e-05 2.960980e-13 4.184554e-08 7.290485e-06 8.736341e-02 2.105597e+00 7.382935e+01 9.413699e-06
4.200000e+01 2.371584e-04 1.406989e+07 2.670759e+03 3.252630e-15 2.386401e-04 1.465890e-05 2.462654e-13 4.184558e-08 1.040509e-05 1.140985e-01 2.105593e+00 8.245800e+01 1.105803e-05
4.300000e+01 1.984355e-04 1.407009e+07 1.497123e+03 3.024412e-15 2.385563e-04 1.464527e-05 3.568459e-13 4.184554e-08 7.312389e-06 5.757639e-02 2.105562e+00 7.041431e+01 9.402325e-06
4.400000e+01 1.866859e-04 1.409021e+07 9.793361e+03 2.508499e-15 2.387785e-04 1.467408e-05 4.067965e-13 4.184560e-08 1.554026e-05 2.618708e-01 2.105604e+00 1.601107e+02 1.319354e-05
4.500000e+01 2.008689e-04 1.406846e+07 7.400466e+02 2.134741e-15 2.385541e-04 1.464033e-05 4.871502e-13 4.184559e-08 7.220516e-06 3.911834e-02 2.105537e+00 6.519448e+01 9.217305e-06
4.600000e+01 1.896622e-04 1.407193e+07 7.646948e+03 1.859042e-15 2.387888e-04 1.467250e-05 6.142020e-13 4.184559e-08 1.553687e-05 2.063891e-01 2.105599e+00 1.598964e+02 1.317020e-05
4.700000e+01 2.050643e-04 1.406875e+07 6.888155e+02 1.653004e-15 2.385787e-04 1.464039e-05 8.176935e-13 4.184560e-08 7.380965e-06 3.230321e-02 2.105553e+00 6.752253e+01 9.327247e-06
4.800000e+01 3.422853e-04 1.406927e+07 7.957886e+02 1.497888e-15 2.388009e-04 1.467218e-05 1.153668e-12 4.184561e-08 1.553383e-05 1.886160e-01 2.105564e+00 1.660263e+02 1.315866e-05
4.900000e+01 2.061378e-04 1.406971e+07 8.310920e+02 1.381098e-15 2.385887e-04 1.464203e-05 2.888741e-13 4.184556e-08 7.339401e-06 2.839530e-02 2.105567e+00 6.862726e+01 9.269794e-06
5.000000e+01 3.439326e-04 1.406988e+07 8.172485e+02 1.294059e-15 2.388150e-04 1.467405e-05 1.889599e-12 4.184564e-08 1.553117e-05 3.015498e-02 2.105564e+00 7.513580e+01 1.316734e-05
5.100000e+01 2.086609e-04 1.407063e+07 7.985729e+02 1.230922e-15 2.386116e-04 1.464623e-05 2.207584e-12 4.184558e-08 1.553042e-05 2.608056e-02 2.105548e+00 7.289972e+01 9.246804e-06
5.200000e+01 3.473590e-04 1.407050e+07 6.818090e+02 1.187751e-15 2.388314e-04 1.467928e-05 2.768666e-12 4.184566e-08 1.553065e-05 1.705886e-01 2.105593e+00 7.924238e+01 1.319237e-05
5.300000e+01 2.100737e-04 1.407111e+07 5.926230e+02 1.162033e-15 2.386229e-04 1.465378e-05 3.739258e-12 4.184560e-08 7.372702e-06 2.386055e-02 2.105531e+00 7.729452e+01 9.348618e-06
5.400000e+01 2.584749e-04 1.407141e+07 6.688097e+02 1.056718e-15 2.387200e-04 1.467021e-05 3.611570e-12 4.184565e-08 1.039349e-05 3.930701e-02 2.105539e+00 9.059768e+01 1.099768e-05
5.500000e+01 2.070882e-04 1.407137e+07 3.843312e+02 1.133112e-15 2.386366e-04 1.465718e-05 7.900260e-12 4.184561e-08 7.274781e-06 1.928625e-02 2.105516e+00 7.849250e+01 9.271092e-06
5.600000e+01 3.546435e-04 1.407106e+07 2.658084e+02 1.129019e-15 2.388640e-04 1.468886e-05 1.247686e-11 4.184568e-08 1.553230e-05 1.570673e-01 2.105561e+00 8.107879e+01 1.304858e-05
5.700000e+01 2.073829e-04 1.407247e+07 2.101568e+02 1.139910e-15 2.386478e-04 1.465875e-05 3.186692e-12 4.184561e-08 7.139719e-06 1.822977e-02 2.105566e+00 8.340432e+01 9.144193e-06
5.800000e+01 3.582256e-04 1.407121e+07 1.103226e+02 1.166494e-15 2.386425e-04 1.469337e-05 2.816110e-11 4.184568e-08 1.553263e-05 1.328369e-02 2.105526e+00 7.892463e+01 1.289215e-05
5.900000e+01 2.090548e-04 1.407148e+07 6.851922e+01 1.210479e-15 2.386376e-04 1.466542e-05 5.384135e-12 4.184561e-08 7.067229e-06 1.044814e-02 2.105542e+00 7.563358e+01 8.906101e-06
6.000000e+01 2.026937e-04 1.407084e+07 2.082355e+03 1.274809e-15 2.386572e-04 1.466632e-05 4.413234e-11 4.184568e-08 1.553319e-05 1.521644e-01 2.105546e+00 7.457455e+01 1.276443e-05
6.100000e+01 2.046695e-04 1.407220e+07 2.975773e+01 1.364101e-15 2.386268e-04 1.466255e-05 4.561796e-12 4.184560e-08 7.047841e-06 8.347490e-03 2.105542e+00 7.364870e+01 8.799123e-06
6.200000e+01 3.610460e-04 1.407151e+07 2.056678e+03 1.485381e-15 2.388795e-04 1.468820e-05 4.607185e-11 4.184567e-08 1.553393e-05 1.580979e-01 2.105592e+00 2.123548e+02 1.265741e-05
