long.t Lactobacillus_crispatus Lactobacillus_gasseri g_Megasphaera g_Gemella Prevotella_buccalis Prevotella_bivia g_Dialister g_Mobiluncus
0.000000e+00 2.396795e+05 2.182357e+08 1.642916e-13 2.328338e-16 8.167769e-10 1.758805e+06 2.812406e+03 2.592463e-14
1.000000e+00 3.332618e+05 2.313608e+08 1.642915e-13 3.364378e-11 2.522372e-09 2.188329e-05 6.979879e+04 2.591082e-14
2.000000e+00 2.090262e+05 2.338072e+08 1.642915e-13 8.502486e-11 4.416818e-09 3.094537e-06 7.291174e+03 2.592872e-14
3.000000e+00 3.044697e+05 2.342730e+08 1.642914e-13 1.262405e-12 2.522241e-09 5.995225e+04 5.526199e+04 2.591868e-14
4.000000e+00 2.068731e+05 2.232040e+08 1.642915e-13 1.786249e-12 4.416517e-09 4.522137e-06 9.449360e+03 2.594049e-14
5.000000e+00 2.593875e+05 2.358442e+08 1.642914e-13 1.173905e-13 2.522196e-09 1.330294e-05 7.140597e+04 2.593455e-14
6.000000e+00 1.811055e+05 2.280218e+08 1.642915e-13 1.348643e-13 4.416384e-09 1.330295e-05 7.248790e+03 2.596075e-14
7.000000e+00 2.080782e+05 2.343228e+08 1.642915e-13 2.108239e-14 2.522238e-09 1.074847e-15 8.919508e+04 2.595951e-14
8.000000e+00 1.469095e+05 2.390148e+08 1.642916e-13 2.248710e-14 4.416420e-09 1.074847e-15 1.285292e+04 2.599089e-14
9.000000e+00 1.580632e+05 2.333819e+08 1.642916e-13 6.106311e-15 2.522368e-09 2.454517e-16 1.258035e+05 2.599531e-14
1.000000e+01 7.868953e+04 2.092176e+08 1.642918e-13 6.361868e-15 7.912249e-10 2.454547e-16 1.001013e+04 2.603300e-14
1.100000e+01 1.094049e+05 2.293590e+08 1.642920e-13 2.504492e-15 2.522451e-09 2.234663e-16 1.890716e+05 2.604439e-14
1.200000e+01 5.163876e+04 2.161084e+08 1.642915e-13 2.602395e-15 4.416514e-09 2.235094e-16 1.175617e+04 2.592809e-14
1.300000e+01 6.618886e+04 2.194356e+08 1.642920e-13 1.324680e-15 2.522487e-09 2.221803e-16 1.127003e+05 2.606793e-14
1.400000e+01 2.928201e+04 2.115833e+08 1.642918e-13 1.387415e-15 4.416572e-09 2.228574e-16 1.002871e+04 2.608048e-14
1.500000e+01 3.494755e+04 2.083279e+08 1.642916e-13 8.451162e-16 2.522611e-09 2.227722e-16 7.521654e+04 2.606745e-14
1.600000e+01 1.769367e+04 2.075283e+08 1.642917e-13 8.995285e-16 4.416799e-09 2.370641e-16 3.756595e+03 2.593252e-14
1.700000e+01 1.651392e+04 1.985563e+08 1.642916e-13 6.203623e-16 2.522822e-09 2.336810e-16 1.859714e+04 2.604432e-14
1.800000e+01 1.111341e+04 1.943407e+08 1.642916e-13 5.478142e-16 2.522949e-09 2.444299e-16 9.334829e+03 2.601779e-14
1.900000e+01 7.479017e+03 1.902327e+08 1.642917e-13 4.837476e-16 2.523076e-09 2.556732e-16 2.419127e+04 2.599288e-14
2.000000e+01 2.544521e+03 1.753268e+08 1.642919e-13 4.913547e-16 4.417590e-09 1.629890e-15 4.569350e+03 2.598518e-14
2.100000e+01 3.092414e+03 1.801084e+08 1.642920e-13 3.903882e-16 2.523374e-09 1.009421e-15 1.486706e+05 2.595042e-14
2.200000e+01 9.518958e+02 1.770960e+08 1.642915e-13 3.927839e-16 8.434253e-10 4.848799e-06 8.975818e-01 2.594812e-14
2.300000e+01 1.061964e+03 1.688954e+08 1.642920e-13 3.342628e-16 2.523631e-09 4.734974e-06 1.677461e-03 2.591818e-14
2.400000e+01 2.733738e+02 1.633986e+08 1.642918e-13 3.351446e-16 4.418420e-09 2.342278e-05 1.033166e+00 2.592010e-14
2.500000e+01 2.978122e+02 1.584789e+08 1.642916e-13 2.987559e-16 2.523845e-09 9.951310e+04 1.467865e-11 2.589394e-14
2.600000e+01 5.772041e+01 1.679758e+08 1.642916e-13 2.991829e-16 7.941564e-10 4.991515e+04 8.808177e-01 2.589919e-14
2.700000e+01 6.559055e+01 1.508906e+08 1.642915e-13 2.754625e-16 2.524013e-09 1.055598e+06 1.228518e-03 2.587604e-14
2.800000e+01 1.164162e+03 1.718550e+08 1.642916e-13 2.757721e-16 4.418975e-09 1.693927e+06 1.187136e+00 2.588397e-14
2.900000e+01 2.128758e+01 1.501060e+08 1.642914e-13 2.597917e-16 2.524135e-09 1.000954e+06 1.878305e+05 2.586326e-14
3.000000e+01 4.918505e+00 1.526130e+08 1.642915e-13 2.601087e-16 4.419264e-09 9.986179e+05 1.045571e+04 2.587339e-14
3.100000e+01 9.883398e+00 1.533232e+08 1.642914e-13 2.490776e-16 2.524344e-09 1.550031e+06 2.024715e+05 2.585472e-14
3.200000e+01 2.280573e+02 1.624275e+08 1.642915e-13 2.494650e-16 4.419721e-09 1.990025e+05 1.248339e+04 2.586673e-14
3.300000e+01 6.432248e+00 1.576557e+08 1.642914e-13 2.416965e-16 2.524641e-09 2.326115e+05 9.238643e+04 2.584984e-14
3.400000e+01 1.962178e+00 1.521141e+08 1.642915e-13 2.422063e-16 4.420348e-09 2.223271e-05 1.166061e+04 2.586354e-14
3.500000e+01 5.846211e+00 1.613688e+08 1.642914e-13 2.366253e-16 2.525024e-09 1.249135e-05 1.059284e+05 2.584828e-14
3.600000e+01 1.488819e+00 1.523009e+08 1.642915e-13 2.373217e-16 4.421144e-09 2.278795e-05 5.177458e+03 2.586359e-14
3.700000e+01 3.813956e+00 1.609135e+08 1.642915e-13 2.332063e-16 2.525495e-09 1.964144e-15 4.172686e+04 2.584995e-14
3.800000e+01 8.088570e-01 1.637180e+08 1.642916e-13 2.341895e-16 8.646988e-10 1.804219e-09 3.606462e+03 2.586690e-14
3.900000e+01 1.797212e+00 1.587596e+08 1.642915e-13 2.310172e-16 2.525926e-09 3.580834e-12 4.268243e+03 2.585494e-14
4.000000e+01 1.138399e+00 1.578745e+08 1.642916e-13 2.301890e-16 2.526100e-09 1.521854e-08 2.045556e+03 2.585776e-14
4.100000e+01 7.210905e-01 1.568506e+08 1.642916e-13 2.293623e-16 2.526274e-09 6.467874e-05 1.766865e+03 2.585948e-14
4.200000e+01 4.567567e-01 1.556858e+08 1.642916e-13 2.285371e-16 2.526448e-09 2.748845e-01 2.485012e+03 2.586012e-14
4.300000e+01 2.893211e-01 1.543776e+08 1.642915e-13 2.277135e-16 2.526622e-09 1.168258e+03 7.209012e+03 2.585970e-14
4.400000e+01 3.782270e-02 1.621791e+08 1.642916e-13 2.280542e-16 8.393647e-10 8.217022e+01 1.930531e-01 2.587414e-14
4.500000e+01 9.545008e-02 1.529979e+08 1.642915e-13 2.263272e-16 2.526883e-09 2.024837e+07 6.399951e-04 2.585979e-14
4.600000e+01 1.616584e+00 1.774106e+08 1.642915e-13 2.265891e-16 4.424501e-09 1.684217e+07 8.352564e+03 2.587621e-14
4.700000e+01 4.009227e-02 1.570597e+08 1.642914e-13 2.253952e-16 2.527103e-09 7.614245e+07 1.638700e-03 2.586387e-14
4.800000e+01 1.018007e+00 1.442448e+08 1.642915e-13 2.256755e-16 4.425044e-09 2.544351e+07 7.827831e-01 2.588239e-14
4.900000e+01 4.014556e-02 1.617642e+08 1.642915e-13 2.248144e-16 2.527410e-09 2.504857e+07 1.090742e+05 2.587224e-14
5.000000e+01 9.240805e-03 1.587697e+08 1.642916e-13 2.251740e-16 8.241152e-10 1.825424e+07 4.558200e+03 2.589309e-14
5.100000e+01 5.033857e-02 1.619008e+08 1.642915e-13 2.245213e-16 2.527673e-09 5.294125e+06 1.790426e+04 2.588545e-14
5.200000e+01 5.083593e-02 1.614444e+08 1.642916e-13 2.244402e-16 2.527761e-09 3.136345e+06 8.742829e+03 2.589311e-14
5.300000e+01 5.133820e-02 1.608594e+08 1.642916e-13 2.243578e-16 2.527849e-09 1.858033e+06 2.106266e+04 2.590027e-14
5.400000e+01 1.172767e-02 2.140430e+08 1.642917e-13 2.247703e-16 8.163598e-10 2.427963e+07 6.779623e+03 2.592301e-14
5.500000e+01 4.392941e-02 1.683989e+08 1.642916e-13 2.243062e-16 2.527937e-09 5.864994e+06 2.791554e+05 2.591771e-14
5.600000e+01 1.574256e+00 1.583336e+08 1.642919e-13 2.248286e-16 4.426665e-09 4.348803e+06 1.275676e+04 2.594425e-14
5.700000e+01 4.864793e-02 1.819545e+08 1.642921e-13 2.244876e-16 2.527980e-09 2.631418e+07 4.972145e+05 2.594310e-14
5.800000e+01 3.365389e+00 1.846441e+08 1.642918e-13 2.251964e-16 8.104511e-10 8.885004e+06 2.083555e+04 2.597426e-14
5.900000e+01 1.290889e-01 1.917626e+08 1.642925e-13 2.249216e-16 2.527979e-09 7.929016e+06 2.490654e+05 2.597819e-14
6.000000e+01 4.465477e-02 1.879505e+08 1.642918e-13 2.259256e-16 4.426888e-09 2.397630e+06 1.235344e+04 2.585337e-14
6.100000e+01 4.427470e-01 1.999010e+08 1.642921e-13 2.256554e-16 2.527932e-09 8.673415e+05 1.312421e+05 2.598322e-14
6.200000e+01 1.120815e-01 1.855896e+08 1.642919e-13 2.271462e-16 4.427013e-09 5.292695e+05 7.572097e+02 2.598439e-14
6.300000e+01 1.055632e+00 2.033500e+08 1.642917e-13 2.267694e-16 2.527973e-09 1.324041e+05 6.330163e+02 2.595850e-14
6.400000e+01 1.489921e+00 2.034757e+08 1.642916e-13 2.274345e-16 2.528015e-09 6.612010e+04 8.249469e-01 2.594920e-14
6.500000e+01 2.102877e+00 2.036665e+08 1.642916e-13 2.281000e-16 2.528057e-09 3.301913e+04 8.591700e-06 2.594035e-14
6.600000e+01 2.420526e-01 1.783925e+08 1.642916e-13 2.310806e-16 4.427602e-09 3.618474e-09 3.947666e+03 2.594777e-14
6.700000e+01 3.462922e+00 1.995629e+08 1.642915e-13 2.297921e-16 2.528185e-09 8.977605e-06 1.249578e-03 2.592753e-14
6.800000e+01 3.953185e-01 2.197719e+08 1.642916e-13 2.347030e-16 8.403278e-10 3.268110e+05 1.878243e-01 2.593932e-14
