long.t Lactobacillus_iners Lactobacillus_crispatus Lactobacillus_jensenii Lactobacillus_gasseri Gardnerella_vaginalis g_Megasphaera g_Gemella g_Leptotrichia g_Parvimonas Atopobium_vaginae Prevotella_buccalis Prevotella_bivia g_Dialister g_Mobiluncus
0.000000e+00 4.025660e+06 9.841402e+04 2.415710e-03 9.145020e+02 1.680229e+08 3.550572e+06 2.353434e+04 9.318737e-16 4.195250e+05 6.480475e+07 1.494599e-04 1.336043e-06 1.027104e+06 1.951039e-01
1.000000e+00 4.024839e+06 9.823119e+04 2.415699e-03 9.144977e+02 1.971039e+08 3.550571e+06 2.353318e+04 9.356429e-16 4.194667e+05 6.485588e+07 1.302012e-04 1.359977e-06 1.027082e+06 2.440461e-05
2.000000e+00 4.025656e+06 9.840801e+04 2.415711e-03 9.145017e+02 1.765126e+08 3.550572e+06 2.353434e+04 9.405925e-16 4.195249e+05 6.483575e+07 1.494708e-04 1.785653e-08 1.027104e+06 1.837690e-01
3.000000e+00 4.025728e+06 9.843298e+04 2.415704e-03 9.145028e+02 1.699674e+08 3.550572e+06 2.353441e+04 9.177363e-16 4.195296e+05 6.482460e+07 1.388080e-04 2.751889e-07 1.027106e+06 4.864141e-03
4.000000e+00 4.025621e+06 9.841562e+04 2.415700e-03 9.145022e+02 1.656664e+08 3.550572e+06 2.353426e+04 9.529566e-16 4.195238e+05 6.481787e+07 1.300785e-04 1.717034e-06 1.027105e+06 1.549460e-03
5.000000e+00 4.025652e+06 9.843188e+04 2.415712e-03 9.145029e+02 1.904785e+08 3.550572e+06 2.353443e+04 9.604124e-16 4.195319e+05 6.485176e+07 1.306292e-04 4.924165e-08 1.027107e+06 3.612605e-03
6.000000e+00 4.025693e+06 9.843307e+04 2.415701e-03 9.145028e+02 1.738089e+08 3.550572e+06 2.353437e+04 9.691458e-16 4.195277e+05 6.482055e+07 1.303311e-04 2.082116e-06 1.027106e+06 3.827484e-03
7.000000e+00 4.025636e+06 9.843153e+04 2.415714e-03 9.145029e+02 1.739846e+08 3.550572e+06 2.353438e+04 9.791979e-16 4.195309e+05 6.483627e+07 1.494714e-04 6.956722e-08 1.027107e+06 2.823598e-03
8.000000e+00 4.025787e+06 9.843959e+04 2.415702e-03 9.145029e+02 1.975693e+08 3.550572e+06 2.353444e+04 9.906168e-16 4.195297e+05 6.484625e+07 1.304949e-04 2.437574e-06 1.027107e+06 7.218745e-04
9.000000e+00 4.025734e+06 9.843483e+04 2.415702e-03 9.145029e+02 1.857491e+08 3.550572e+06 2.353442e+04 1.003458e-15 4.195302e+05 6.482751e+07 1.494494e-04 8.735107e-08 1.027107e+06 4.050702e-02
1.000000e+01 4.025803e+06 9.843543e+04 2.415703e-03 9.145030e+02 1.843655e+08 3.550572e+06 2.353442e+04 3.666953e-16 4.195288e+05 6.482750e+07 1.494455e-04 8.633584e-08 1.027106e+06 1.884403e-02
1.100000e+01 4.025800e+06 9.843482e+04 2.415703e-03 9.145028e+02 1.925391e+08 3.550572e+06 2.353439e+04 9.922885e-16 4.195282e+05 6.484088e+07 1.494537e-04 2.029242e-06 1.027106e+06 2.777343e-02
1.200000e+01 4.025712e+06 9.842147e+04 2.415703e-03 9.145022e+02 2.097176e+08 3.550572e+06 2.353432e+04 9.686813e-16 4.195243e+05 6.485857e+07 1.494741e-04 1.856146e-06 1.027105e+06 2.069226e-04
1.300000e+01 4.025695e+06 9.842082e+04 2.415708e-03 9.145021e+02 1.909713e+08 3.550572e+06 2.353428e+04 9.197015e-16 4.195235e+05 6.484374e+07 1.388387e-04 4.374016e-07 1.027104e+06 3.886074e-03
1.400000e+01 4.025713e+06 9.841743e+04 2.415707e-03 9.145022e+02 1.933937e+08 3.550572e+06 2.353432e+04 8.994605e-16 4.195255e+05 6.484570e+07 1.388695e-04 4.688251e-07 1.027105e+06 6.916595e-03
1.500000e+01 4.025623e+06 9.840768e+04 2.415702e-03 9.145015e+02 1.969404e+08 3.550572e+06 2.353422e+04 9.046730e-16 4.195213e+05 6.484329e+07 1.304689e-04 2.493478e-06 1.027103e+06 4.953093e-04
1.600000e+01 4.025713e+06 9.841702e+04 2.415707e-03 9.145022e+02 1.980430e+08 3.550572e+06 2.353432e+04 8.613523e-16 4.195255e+05 6.484845e+07 1.389216e-04 6.408557e-07 1.027105e+06 1.167652e-02
1.700000e+01 4.025623e+06 9.840796e+04 2.415706e-03 9.145015e+02 2.005405e+08 3.550572e+06 2.353422e+04 8.434165e-16 4.195213e+05 6.484930e+07 1.389429e-04 8.172954e-07 1.027103e+06 1.107524e-02
1.800000e+01 4.025623e+06 9.840768e+04 2.415706e-03 9.145015e+02 2.030968e+08 3.550572e+06 2.353422e+04 8.258765e-16 4.195213e+05 6.485023e+07 1.389642e-04 1.042312e-06 1.027103e+06 1.050493e-02
1.900000e+01 4.025623e+06 9.840768e+04 2.415705e-03 9.145015e+02 2.058649e+08 3.550572e+06 2.353422e+04 8.087211e-16 4.195213e+05 6.485125e+07 1.389856e-04 1.329281e-06 1.027103e+06 9.963985e-03
2.000000e+01 4.025623e+06 9.840808e+04 2.415705e-03 9.145015e+02 2.090171e+08 3.550572e+06 2.353422e+04 7.919394e-16 4.195213e+05 6.485239e+07 1.390069e-04 1.695257e-06 1.027103e+06 9.450902e-03
2.100000e+01 4.025702e+06 9.842075e+04 2.415704e-03 9.145022e+02 2.127576e+08 3.550572e+06 2.353434e+04 7.755211e-16 4.195255e+05 6.485368e+07 1.390282e-04 2.161994e-06 1.027105e+06 8.964243e-03
2.200000e+01 4.025623e+06 9.840768e+04 2.415699e-03 9.145015e+02 2.101400e+08 3.550572e+06 2.353422e+04 7.781359e-16 4.195213e+05 6.486087e+07 1.497285e-04 4.276045e-07 1.027103e+06 2.029261e+00
2.300000e+01 4.025703e+06 9.842129e+04 2.415703e-03 9.145022e+02 2.193013e+08 3.550572e+06 2.353434e+04 7.444758e-16 4.195255e+05 6.485839e+07 1.390821e-04 2.858735e-06 1.027105e+06 2.294976e-02
2.400000e+01 4.025694e+06 9.842497e+04 2.415702e-03 9.145022e+02 2.224637e+08 3.550572e+06 2.353434e+04 7.298000e-16 4.195249e+05 6.486191e+07 1.391147e-04 2.963974e-06 1.027105e+06 6.194442e-02
2.500000e+01 4.025704e+06 9.842721e+04 2.415697e-03 9.145023e+02 2.340791e+08 3.550572e+06 2.353437e+04 7.318652e-16 4.195262e+05 6.488372e+07 1.309233e-04 5.018309e-07 1.027105e+06 1.863399e-02
2.600000e+01 4.025689e+06 9.841793e+04 2.415696e-03 9.145018e+02 2.242476e+08 3.550572e+06 2.353433e+04 7.177794e-16 4.195248e+05 6.486311e+07 1.305054e-04 4.515338e-07 1.027105e+06 2.806046e-02
2.700000e+01 4.024838e+06 9.823897e+04 2.415700e-03 9.144980e+02 2.428109e+08 3.550571e+06 2.353327e+04 6.894663e-16 4.194685e+05 6.488160e+07 1.391842e-04 1.735050e-06 1.027083e+06 2.603342e-01
2.800000e+01 4.025627e+06 9.841773e+04 2.415706e-03 9.145022e+02 1.919492e+08 3.550572e+06 2.353429e+04 6.917659e-16 4.195254e+05 6.483303e+07 1.498854e-04 4.862938e-06 1.027105e+06 2.056113e+01
2.900000e+01 4.024836e+06 9.823499e+04 2.415693e-03 9.144977e+02 2.437146e+08 3.550571e+06 2.353319e+04 6.797540e-16 4.194664e+05 6.489190e+07 1.311184e-04 3.790686e-06 1.027082e+06 1.313611e-01
3.000000e+01 4.025714e+06 9.842251e+04 2.415704e-03 9.145025e+02 2.285133e+08 3.550572e+06 2.353443e+04 6.685703e-16 4.195303e+05 6.488458e+07 1.499285e-04 3.610732e-06 1.027107e+06 1.117034e+02
3.100000e+01 4.025796e+06 9.844019e+04 2.415691e-03 9.145028e+02 2.101198e+08 3.550572e+06 2.353445e+04 6.581697e-16 4.195292e+05 6.486228e+07 1.309330e-04 4.197796e-06 1.027107e+06 2.207060e+00
3.200000e+01 4.025716e+06 9.842333e+04 2.415703e-03 9.145028e+02 1.998380e+08 3.550572e+06 2.353442e+04 6.485111e-16 4.195297e+05 6.485253e+07 1.307831e-04 5.963454e-06 1.027107e+06 1.027407e+01
3.300000e+01 4.025717e+06 9.842487e+04 2.415702e-03 9.145023e+02 2.291627e+08 3.550572e+06 2.353438e+04 6.395570e-16 4.195264e+05 6.488234e+07 1.312471e-04 1.038821e-05 1.027106e+06 3.356024e+01
3.400000e+01 4.025698e+06 9.843301e+04 2.415695e-03 9.145030e+02 2.101681e+08 3.550572e+06 2.353444e+04 6.191482e-16 4.195302e+05 6.485886e+07 1.392899e-04 4.917900e-06 1.027107e+06 2.538506e+02
3.500000e+01 4.025623e+06 9.840780e+04 2.415702e-03 9.145015e+02 1.907479e+08 3.550572e+06 2.353422e+04 6.230821e-16 4.195213e+05 6.483945e+07 1.499824e-04 4.731987e-05 1.027103e+06 1.836707e+02
3.600000e+01 4.025697e+06 9.842880e+04 2.415695e-03 9.145023e+02 2.131375e+08 3.550572e+06 2.353438e+04 6.039733e-16 4.195267e+05 6.484829e+07 1.392991e-04 2.408598e-05 1.027106e+06 9.398753e+02
3.700000e+01 4.025623e+06 9.840891e+04 2.415695e-03 9.145016e+02 2.081730e+08 3.550572e+06 2.353422e+04 5.967596e-16 4.195213e+05 6.484087e+07 1.393094e-04 5.884594e-05 1.027103e+06 1.589968e+03
3.800000e+01 4.025676e+06 9.842568e+04 2.415695e-03 9.145020e+02 2.037937e+08 3.550572e+06 2.353431e+04 5.896236e-16 4.195246e+05 6.483336e+07 1.393196e-04 1.437701e-04 1.027105e+06 2.689718e+03
3.900000e+01 4.025623e+06 9.840768e+04 2.415690e-03 9.145015e+02 2.011406e+08 3.550572e+06 2.353422e+04 5.932628e-16 4.195213e+05 6.483547e+07 1.311116e-04 9.672436e-05 1.027103e+06 1.788562e+03
4.000000e+01 4.025677e+06 9.842616e+04 2.415695e-03 9.145021e+02 1.964297e+08 3.550572e+06 2.353431e+04 5.760288e-16 4.195246e+05 6.482027e+07 1.393309e-04 7.298699e-04 1.027105e+06 6.254489e+03
4.100000e+01 4.025676e+06 9.842406e+04 2.415695e-03 9.145022e+02 1.929868e+08 3.550572e+06 2.353433e+04 5.695565e-16 4.195243e+05 6.481443e+07 1.393319e-04 1.516596e-03 1.027105e+06 8.597228e+03
4.200000e+01 4.025682e+06 9.842073e+04 2.415702e-03 9.145021e+02 1.972459e+08 3.550572e+06 2.353439e+04 5.730784e-16 4.195270e+05 6.482567e+07 1.312143e-04 1.076508e-03 1.027105e+06 6.908696e+03
4.300000e+01 4.025756e+06 9.843914e+04 2.415690e-03 9.145024e+02 1.794955e+08 3.550572e+06 2.353440e+04 5.669183e-16 4.195276e+05 6.480119e+07 1.301841e-04 1.829004e-03 1.027106e+06 7.739615e+03
4.400000e+01 4.025752e+06 9.843548e+04 2.415690e-03 9.144978e+02 1.952686e+08 3.550572e+06 2.353450e+04 5.612466e-16 4.195309e+05 6.480820e+07 1.500018e-04 3.173859e-03 1.027107e+06 1.138894e+04
4.500000e+01 4.025703e+06 9.842431e+04 2.415702e-03 9.145021e+02 1.840524e+08 3.550572e+06 2.353430e+04 5.560445e-16 4.195245e+05 6.480520e+07 1.311036e-04 4.313199e-03 1.027105e+06 8.860370e+03
4.600000e+01 4.025774e+06 9.844329e+04 2.415695e-03 9.144975e+02 1.824560e+08 3.550572e+06 2.353446e+04 5.421232e-16 4.195292e+05 6.479605e+07 1.392829e-04 1.399950e-02 1.027107e+06 1.171155e+04
4.700000e+01 4.025636e+06 9.841937e+04 2.415690e-03 9.144969e+02 1.714176e+08 3.550572e+06 2.353428e+04 5.465644e-16 4.195257e+05 6.479437e+07 1.499596e-04 5.804292e-03 1.027105e+06 6.886058e+03
4.800000e+01 4.025735e+06 9.844641e+04 2.415702e-03 9.145029e+02 1.775329e+08 3.550572e+06 2.353446e+04 5.422635e-16 4.195317e+05 6.479360e+07 1.310262e-04 6.510084e-03 1.027107e+06 4.059330e+03
4.900000e+01 4.025634e+06 9.842309e+04 2.415703e-03 9.144977e+02 1.450894e+08 3.550572e+06 2.353435e+04 5.383784e-16 4.195289e+05 6.476273e+07 1.302394e-04 5.138529e-03 1.027106e+06 2.648900e+03
5.000000e+01 4.025634e+06 9.842988e+04 2.415691e-03 9.145023e+02 1.679571e+08 3.550572e+06 2.353323e+04 5.348970e-16 4.195281e+05 6.480375e+07 1.310287e-04 4.601303e-03 1.027106e+06 1.494932e+03
5.100000e+01 4.025622e+06 9.841262e+04 2.415692e-03 9.145021e+02 1.802382e+08 3.550572e+06 2.353430e+04 5.318086e-16 4.195245e+05 6.483076e+07 1.498775e-04 5.050201e-02 1.027105e+06 6.725221e+02
5.200000e+01 4.025686e+06 9.842037e+04 2.415696e-03 9.145025e+02 1.465444e+08 3.550572e+06 2.353321e+04 5.205464e-16 4.195256e+05 6.478131e+07 1.391662e-04 6.870871e-03 1.027106e+06 4.647416e+02
5.300000e+01 4.025622e+06 9.840778e+04 2.415692e-03 9.145015e+02 1.576625e+08 3.550572e+06 2.353421e+04 5.263899e-16 4.195213e+05 6.479609e+07 1.309775e-04 3.996478e-02 1.027103e+06 5.966951e+01
5.400000e+01 4.025706e+06 9.841730e+04 2.415696e-03 9.145021e+02 1.622196e+08 3.550572e+06 2.353431e+04 5.155817e-16 4.195252e+05 6.480175e+07 1.391121e-04 6.739672e-03 1.027105e+06 5.348388e+01
5.500000e+01 4.025699e+06 9.841807e+04 2.415696e-03 9.145022e+02 1.682774e+08 3.550572e+06 2.353430e+04 5.132689e-16 4.195233e+05 6.481125e+07 1.390804e-04 7.562200e-03 1.027104e+06 1.568175e+01
5.600000e+01 4.025627e+06 9.841386e+04 2.415704e-03 9.145021e+02 1.829800e+08 3.550572e+06 2.353430e+04 5.193248e-16 4.195260e+05 6.483287e+07 1.497297e-04 2.933252e-03 1.027105e+06 1.328466e+00
5.700000e+01 4.025778e+06 9.844341e+04 2.415692e-03 9.145029e+02 1.985719e+08 3.550572e+06 2.353441e+04 5.173146e-16 4.195274e+05 6.483351e+07 1.308375e-04 5.813509e-02 1.027106e+06 1.672986e-01
5.800000e+01 4.025713e+06 9.842548e+04 2.415692e-03 9.145027e+02 1.934298e+08 3.550572e+06 2.353437e+04 5.156560e-16 4.195290e+05 6.485162e+07 1.307104e-04 3.092758e-03 1.027107e+06 2.034572e-02
5.900000e+01 4.025814e+06 9.845171e+04 2.415692e-03 9.145026e+02 2.215684e+08 3.550572e+06 2.353444e+04 5.143442e-16 4.195299e+05 6.486554e+07 1.496361e-04 3.792484e-03 1.027107e+06 3.044040e-01
6.000000e+01 4.025782e+06 9.844293e+04 2.415691e-03 9.144978e+02 2.184255e+08 3.550572e+06 2.353443e+04 5.133757e-16 4.195290e+05 6.485709e+07 1.496072e-04 8.271445e-02 1.027106e+06 2.248043e-04
6.100000e+01 4.025803e+06 9.843063e+04 2.415703e-03 9.145026e+02 2.301398e+08 3.550572e+06 2.353445e+04 5.127479e-16 4.195301e+05 6.488177e+07 1.495904e-04 3.790836e-03 1.027107e+06 5.091112e-03
6.200000e+01 4.024830e+06 9.824208e+04 2.415703e-03 9.144929e+02 2.766959e+08 3.550571e+06 2.353326e+04 5.124593e-16 4.194684e+05 6.489963e+07 1.305131e-04 4.049554e-03 1.027083e+06 3.798021e-06
6.300000e+01 4.025784e+06 9.842989e+04 2.415703e-03 9.145027e+02 2.254504e+08 3.550572e+06 2.353444e+04 5.125096e-16 4.195300e+05 6.484816e+07 1.495709e-04 1.252369e-01 1.027107e+06 1.617846e-04
6.400000e+01 4.024854e+06 9.823454e+04 2.415691e-03 9.144979e+02 2.678164e+08 3.550571e+06 2.353330e+04 5.128993e-16 4.194697e+05 6.490265e+07 1.495683e-04 1.711885e-01 1.027083e+06 5.016012e-05
6.500000e+01 4.025797e+06 9.843097e+04 2.415703e-03 9.145027e+02 2.496335e+08 3.550572e+06 2.353443e+04 5.136302e-16 4.195302e+05 6.488535e+07 1.302404e-04 4.320371e-03 1.027107e+06 2.575462e-08
6.600000e+01 4.025721e+06 9.842322e+04 2.415691e-03 9.145023e+02 2.381572e+08 3.550572e+06 2.353440e+04 5.147051e-16 4.195273e+05 6.489260e+07 1.495769e-04 6.411906e-03 1.027106e+06 1.338709e-05
6.700000e+01 4.025785e+06 9.843700e+04 2.415697e-03 9.145029e+02 2.428212e+08 3.550572e+06 2.353448e+04 5.069232e-16 4.195300e+05 6.488823e+07 1.389067e-04 3.235335e-02 1.027107e+06 1.873931e-07
6.800000e+01 4.025623e+06 9.840829e+04 2.415692e-03 9.145015e+02 2.360555e+08 3.550572e+06 2.353422e+04 5.175340e-16 4.195213e+05 6.488668e+07 1.307594e-04 6.709971e-03 1.027103e+06 1.028750e-05
