long.t Lactobacillus_iners Lactobacillus_crispatus Lactobacillus_jensenii Prevotella_bivia g_Dialister
0.000000e+00 1.454775e-09 6.809916e+08 2.299031e-16 4.405386e-13 2.391959e-15
1.000000e+00 3.387163e-06 3.116392e+09 2.018103e-07 3.839899e-13 2.391909e-15
2.000000e+00 4.780766e-10 1.219592e+09 6.619321e-07 4.405397e-13 2.391938e-15
3.000000e+00 7.683552e-08 2.905189e+09 1.840671e-12 3.839945e-13 2.391896e-15
4.000000e+00 2.702459e-07 7.490382e+08 2.107709e-12 4.405445e-13 2.391930e-15
5.000000e+00 1.006662e-09 7.950031e+08 1.208662e-14 3.840023e-13 2.391892e-15
6.000000e+00 2.636683e-09 9.833274e+08 1.341772e-14 4.405532e-13 2.391930e-15
7.000000e+00 5.825456e-11 6.520821e+08 1.463462e-15 3.840132e-13 2.391896e-15
8.000000e+00 1.583003e-10 4.020484e+08 1.825437e-15 4.405656e-13 2.391939e-15
9.000000e+00 1.129692e-11 1.097480e+09 7.008239e-16 3.840273e-13 2.391910e-15
1.000000e+01 3.767156e-11 8.257113e+08 1.145864e-15 4.405818e-13 2.391960e-15
1.100000e+01 6.262289e-12 1.076305e+09 7.759205e-16 3.840444e-13 2.391942e-15
1.200000e+01 1.650399e-14 1.073605e+09 2.064253e-15 4.406017e-13 2.392007e-15
1.300000e+01 2.861274e-12 1.014719e+09 5.714121e-15 4.406136e-13 2.392055e-15
1.400000e+01 4.861653e-13 9.735717e+08 5.307915e-14 4.406274e-13 2.392139e-15
1.500000e+01 1.234693e-13 6.823298e+08 3.685379e-12 4.406430e-13 2.392269e-15
1.600000e+01 4.327511e-14 4.784661e+08 9.445223e-09 4.406606e-13 2.392463e-15
1.700000e+01 1.977767e-14 6.834488e+08 8.498770e-12 1.804401e-13 2.391849e-15
1.800000e+01 1.133208e-14 3.658390e+08 1.084966e-01 4.406895e-13 2.392490e-15
1.900000e+01 4.746545e-15 6.315104e+08 5.206724e-03 3.841426e-13 2.392280e-15
2.000000e+01 5.355253e-15 4.282787e-01 3.190607e-03 4.407122e-13 2.392200e-15
2.100000e+01 2.698410e-15 2.779705e-03 5.363184e+02 3.841644e-13 2.392083e-15
2.200000e+01 3.352200e-15 3.356847e+08 5.911609e+02 1.805088e-13 2.392069e-15
2.300000e+01 1.954164e-15 1.784950e-07 8.473070e+04 3.841792e-13 2.392000e-15
2.400000e+01 1.757475e-15 4.524086e-01 5.069351e+05 3.841823e-13 2.391977e-15
2.500000e+01 1.580582e-15 4.340267e+04 3.032941e+06 3.841854e-13 2.391952e-15
2.600000e+01 2.043276e-15 6.828432e+04 8.925414e+05 4.407519e-13 2.391965e-15
2.700000e+01 1.398768e-15 1.186798e+09 2.687504e+07 3.841932e-13 2.391910e-15
2.800000e+01 1.928066e-15 6.456082e+08 1.222302e+07 4.407623e-13 2.391934e-15
2.900000e+01 1.479587e-15 1.245429e+09 3.089070e+07 3.842041e-13 2.391886e-15
3.000000e+01 2.247480e-15 9.656160e+08 1.903092e+07 4.407765e-13 2.391914e-15
3.100000e+01 1.880903e-15 1.296758e+09 1.625637e+07 3.842181e-13 2.391867e-15
3.200000e+01 3.248849e-15 1.859576e+09 9.012007e+06 4.407944e-13 2.391892e-15
3.300000e+01 4.460703e-15 2.366556e+09 1.943963e+07 4.408053e-13 2.391886e-15
3.400000e+01 7.216393e-15 2.485271e+09 8.967261e+06 4.408180e-13 2.391892e-15
3.500000e+01 7.635111e-15 3.033576e+09 1.238535e+07 3.842587e-13 2.391866e-15
3.600000e+01 2.733440e-14 9.659375e+08 1.067217e+07 4.408473e-13 2.391913e-15
3.700000e+01 2.792595e-14 1.789152e+09 1.872268e+07 3.842852e-13 2.391886e-15
3.800000e+01 5.896719e-14 1.416445e+09 2.045885e+07 3.842992e-13 2.391888e-15
3.900000e+01 1.245125e-13 1.685717e+09 2.235602e+07 3.843132e-13 2.391875e-15
4.000000e+01 2.501106e-16 9.568194e+08 2.776392e+07 4.409134e-13 2.391891e-15
4.100000e+01 1.579891e-13 1.840374e+09 2.935652e+07 4.409318e-13 2.391875e-15
4.200000e+01 4.428188e-14 1.481249e+09 3.083189e+07 1.745214e-13 2.391870e-15
4.300000e+01 1.647457e-14 1.119237e+09 2.717220e+07 4.409620e-13 2.391875e-15
4.400000e+01 7.657308e-15 9.025620e+08 3.370046e+07 4.409738e-13 2.391891e-15
4.500000e+01 4.258328e-15 5.150406e+08 2.669208e+07 4.409875e-13 2.391920e-15
4.600000e+01 2.747169e-15 5.716931e+08 2.539184e+07 1.841164e-13 2.391966e-15
4.700000e+01 1.478282e-15 5.860925e+08 2.183288e+07 3.844066e-13 2.391990e-15
4.800000e+01 1.438162e-15 2.603509e+07 2.096648e+07 4.410148e-13 2.392104e-15
4.900000e+01 8.919748e-16 3.495991e+07 1.895101e+07 3.844172e-13 2.392168e-15
5.000000e+01 8.824572e-16 1.612725e+08 6.528211e+07 1.668530e-13 2.392346e-15
5.100000e+01 6.158536e-16 5.167434e+06 3.525545e+07 3.844199e-13 2.392508e-15
5.200000e+01 6.134139e-16 3.973016e+07 4.031534e+07 1.729130e-13 2.391909e-15
5.300000e+01 4.693970e-16 1.466773e+08 1.007359e+08 3.844040e-13 2.392512e-15
5.400000e+01 4.688407e-16 1.393942e+08 4.842099e+07 4.409963e-13 2.392354e-15
5.500000e+01 3.846901e-16 8.275953e+08 1.134464e+08 3.843806e-13 2.392181e-15
5.600000e+01 3.847122e-16 9.091105e+08 6.443807e+07 4.409725e-13 2.392124e-15
5.700000e+01 3.325163e-16 1.441204e+09 5.734098e+07 3.843603e-13 2.392020e-15
5.800000e+01 3.327634e-16 7.578697e+08 3.005069e+07 4.409526e-13 2.392010e-15
5.900000e+01 2.988901e-16 2.106418e+09 2.138959e+07 3.843432e-13 2.391938e-15
6.000000e+01 2.992727e-16 2.157233e+09 1.516756e+07 4.409364e-13 2.391949e-15
6.100000e+01 2.882742e-16 1.210483e+09 7.930977e+06 4.409301e-13 2.391936e-15
6.200000e+01 2.704545e-16 1.642275e+09 5.287308e+06 3.843244e-13 2.391896e-15
6.300000e+01 2.748118e-16 1.140840e+09 5.159920e+06 4.409215e-13 2.391933e-15
6.400000e+01 2.609322e-16 1.174292e+09 2.823787e+06 3.843166e-13 2.391897e-15
6.500000e+01 2.676381e-16 8.301989e+08 3.966694e+06 4.409166e-13 2.391939e-15
6.600000e+01 2.557137e-16 1.578008e+09 2.479407e+06 3.843120e-13 2.391910e-15
6.700000e+01 2.665014e-16 4.003227e+08 2.080225e+06 4.409155e-13 2.391959e-15
