long.t Lactobacillus_iners Lactobacillus_crispatus Lactobacillus_jensenii Lactobacillus_gasseri Gardnerella_vaginalis g_Parvimonas Atopobium_vaginae Prevotella_buccalis Prevotella_bivia g_Dialister
0.000000e+00 7.453708e-07 6.664071e+06 3.939224e-15 1.372796e+05 2.297734e+07 2.428056e-16 5.432014e+05 1.687357e-14 5.383696e-03 1.480918e-01
1.000000e+00 7.451728e-07 2.420445e+07 3.057215e-16 1.836526e+05 5.875173e+07 2.365176e-16 2.784037e+06 1.687305e-14 5.929657e-06 1.480906e-01
2.000000e+00 7.453756e-07 3.100974e+07 6.834533e-16 1.802985e+05 7.332072e+07 2.441454e-16 4.588342e+06 1.687373e-14 1.560292e-08 1.480915e-01
3.000000e+00 7.452010e-07 1.743358e+07 3.057073e-16 1.793621e+05 4.431489e+07 2.407414e-16 3.009266e+06 1.687328e-14 1.176695e-06 1.480906e-01
4.000000e+00 7.454273e-07 1.430778e+07 6.834263e-16 1.533705e+05 3.617904e+07 2.511724e-16 1.826857e+06 1.687403e-14 2.063753e-05 1.480917e-01
5.000000e+00 7.452763e-07 1.343258e+07 3.057073e-16 1.739771e+05 3.763389e+07 2.488854e-16 3.400263e+06 1.687365e-14 3.726704e-08 1.480882e-01
6.000000e+00 7.451034e-07 1.246931e+07 6.834368e-16 1.683452e+05 4.121989e+07 2.652253e-16 3.319052e+06 1.687447e-14 3.995024e-06 1.480917e-01
7.000000e+00 7.453449e-07 1.033334e+07 3.057129e-16 1.662167e+05 3.300659e+07 2.630217e-16 3.298212e+06 1.687416e-14 6.707498e-08 1.480906e-01
8.000000e+00 7.451415e-07 1.258787e+07 1.463867e-15 1.485470e+05 3.519302e+07 2.914131e-16 2.932165e+06 1.686882e-14 1.786181e-04 1.480917e-01
9.000000e+00 7.453527e-07 8.668403e+06 5.201512e-16 1.597046e+05 3.240297e+07 2.871755e-16 3.380954e+06 1.687414e-14 8.832056e-06 1.480924e-01
1.000000e+01 7.453411e-07 8.230226e+06 6.836138e-16 1.556877e+05 3.272454e+07 3.030260e-16 3.471524e+06 1.687382e-14 3.089360e-04 1.480919e-01
1.100000e+01 7.453287e-07 7.814199e+06 5.203183e-16 1.534680e+05 3.313611e+07 3.197513e-16 3.657778e+06 1.687351e-14 8.981180e-03 1.480924e-01
1.200000e+01 7.455168e-07 7.279047e+06 3.572465e-10 1.417121e+05 3.230242e+07 3.942828e-16 3.852070e+06 1.687380e-14 2.581431e-03 1.480918e-01
1.300000e+01 7.453279e-07 7.015472e+06 3.779872e-12 1.488218e+05 3.383210e+07 3.706573e-16 4.357390e+06 1.687296e-14 9.434958e-01 1.480924e-01
1.400000e+01 7.453394e-07 6.633713e+06 1.008876e-07 1.462050e+05 3.411910e+07 4.071931e-16 4.930649e+06 1.687271e-14 3.891665e+00 1.480919e-01
1.500000e+01 7.453502e-07 6.272728e+06 1.373586e-02 1.448365e+05 3.450992e+07 4.473302e-16 5.734972e+06 1.687247e-14 1.744736e+01 1.480925e-01
1.600000e+01 7.451380e-07 6.138926e+06 1.992419e-05 1.411225e+05 2.807557e+07 6.377019e-16 3.727427e+06 1.687283e-14 6.998658e+00 1.480919e-01
1.700000e+01 7.453407e-07 5.654451e+06 9.366375e+03 1.439564e+05 3.303639e+07 5.827784e-16 6.835252e+06 1.687205e-14 1.636404e+02 1.480932e-01
1.800000e+01 7.455215e-07 5.335026e+06 4.845184e+01 1.250978e+05 2.925562e+07 9.688458e-16 4.646368e+06 1.687247e-14 4.055990e+01 1.480919e-01
1.900000e+01 7.453255e-07 5.125276e+06 3.728745e+04 1.367208e+05 2.891707e+07 9.142758e-16 6.317058e+06 1.687176e-14 3.303040e+02 1.480932e-01
2.000000e+01 7.455309e-07 5.041313e+06 2.068815e-07 1.098764e+05 2.853921e+07 1.970374e-15 5.056974e+06 1.687224e-14 7.936438e+01 1.480919e-01
2.100000e+01 7.453596e-07 4.674807e+06 4.427608e-06 1.150114e+05 2.546788e+07 1.883697e-15 5.272141e+06 1.687158e-14 2.303831e+02 1.480931e-01
2.200000e+01 7.451751e-07 5.068360e+06 3.285764e-07 8.895137e+04 2.505919e+07 6.209559e-15 3.964758e+06 1.687212e-14 4.502779e+01 1.480919e-01
2.300000e+01 7.453894e-07 4.441999e+06 3.059567e-16 8.354590e+04 2.334351e+07 5.858124e-15 4.277501e+06 1.687152e-14 8.097964e+01 1.480930e-01
2.400000e+01 7.451846e-07 4.751533e+06 1.464858e-15 6.019983e+04 3.360372e+07 3.959651e-14 4.741045e+06 1.687212e-14 8.156706e+00 1.480918e-01
2.500000e+01 7.453626e-07 4.443746e+06 5.200815e-16 5.072183e+04 2.503825e+07 3.421431e-14 3.843840e+06 1.687158e-14 1.250577e+01 1.480924e-01
2.600000e+01 7.453349e-07 4.488065e+06 6.834199e-16 3.656008e+04 2.788134e+07 1.000730e-13 3.937413e+06 1.687164e-14 3.973071e+00 1.480919e-01
2.700000e+01 7.453064e-07 4.532827e+06 5.200758e-16 2.499413e+04 3.109075e+07 2.927023e-13 4.141295e+06 1.687170e-14 1.372765e+00 1.480923e-01
2.800000e+01 7.454782e-07 5.243183e+06 6.357213e-16 1.291195e+04 3.884079e+07 8.597339e-12 3.887297e+06 1.687235e-14 2.035354e-02 1.480900e-01
2.900000e+01 7.454741e-07 2.273424e+06 3.057184e-16 1.314111e+05 1.871743e+07 8.220353e-11 1.881117e+06 1.687247e-14 2.207274e+02 1.480930e-01
3.000000e+01 7.454952e-07 4.724091e+06 6.357245e-16 1.444156e+04 4.228973e+07 1.500090e-14 5.138454e+06 1.687265e-14 1.473171e-02 1.480900e-01
3.100000e+01 7.453405e-07 3.623524e+06 5.200796e-16 2.229700e+04 3.198125e+07 8.467205e-11 2.965867e+06 1.687229e-14 6.485764e-01 1.480923e-01
3.200000e+01 7.453862e-07 3.210393e+06 6.834305e-16 3.215390e+04 2.958656e+07 7.529161e-11 2.667497e+06 1.687253e-14 1.289847e+00 1.480917e-01
3.300000e+01 7.454314e-07 2.844365e+06 5.200947e-16 4.372953e+04 2.742195e+07 6.695039e-11 2.458792e+06 1.687277e-14 2.701985e+00 1.480900e-01
3.400000e+01 7.452590e-07 2.117735e+06 4.532355e-15 5.018187e+04 2.748658e+07 5.141202e-09 1.270443e+06 1.687361e-14 2.769960e-01 1.480918e-01
3.500000e+01 7.454925e-07 2.146353e+06 5.200970e-16 6.766081e+04 2.421464e+07 1.763717e-10 1.857044e+06 1.687332e-14 4.014754e+00 1.480900e-01
3.600000e+01 7.455087e-07 1.828057e+06 6.834368e-16 7.847579e+04 2.304841e+07 5.225143e-10 1.519562e+06 1.687363e-14 2.879907e+00 1.480917e-01
3.700000e+01 7.455250e-07 1.556963e+06 5.200876e-16 8.929205e+04 2.193714e+07 1.547988e-09 1.270878e+06 1.687395e-14 2.226283e+00 1.480925e-01
3.800000e+01 7.457424e-07 1.431592e+06 1.463684e-15 9.449855e+04 2.149133e+07 1.062432e-06 5.659575e+05 1.687486e-14 9.583060e-02 1.480918e-01
3.900000e+01 7.455839e-07 1.150628e+06 3.057129e-16 1.086809e+05 2.004122e+07 6.877434e-08 7.528577e+05 1.687465e-14 4.059880e-01 1.480931e-01
4.000000e+01 7.454134e-07 1.246822e+06 6.838860e-16 1.136932e+05 2.100367e+07 2.168622e-09 2.634799e+05 1.687565e-14 2.314448e-03 1.480919e-01
4.100000e+01 7.456424e-07 9.179629e+05 3.059425e-16 1.245849e+05 1.903705e+07 2.046282e-06 2.908962e+05 1.687551e-14 3.096268e-03 1.480931e-01
4.200000e+01 7.454391e-07 8.713888e+05 1.609335e-07 1.352209e+05 1.636011e+07 1.093120e-08 4.358581e+04 1.687659e-14 2.771248e-01 1.480919e-01
4.300000e+01 7.456466e-07 7.827466e+05 1.920356e-06 1.428492e+05 1.759445e+07 1.063189e-06 5.334765e+04 1.687654e-14 1.444233e-04 1.480931e-01
4.400000e+01 7.454135e-07 6.500667e+05 6.834263e-16 1.428341e+05 1.339754e+07 3.208981e-10 2.436078e+03 1.687141e-14 6.266761e-01 1.480917e-01
4.500000e+01 7.455956e-07 6.530420e+05 1.920356e-06 1.639256e+05 1.409016e+07 6.903720e-09 2.621172e+03 1.687705e-14 1.333949e-02 1.480907e-01
4.600000e+01 7.457574e-07 4.389007e+05 1.609335e-07 1.542965e+05 1.152141e+07 7.050997e-09 1.876987e+02 1.687155e-14 2.008125e-02 1.480919e-01
4.700000e+01 7.455432e-07 4.872418e+05 3.059425e-16 1.801087e+05 1.007527e+07 1.565545e-11 4.114068e+01 1.687639e-14 8.682813e+00 1.480907e-01
4.800000e+01 7.457316e-07 3.245867e+05 6.838754e-16 1.598555e+05 9.934754e+06 1.576232e-11 5.662224e-01 1.687637e-14 4.130578e+00 1.480917e-01
4.900000e+01 7.455439e-07 3.152193e+05 3.057073e-16 1.857010e+05 7.384988e+06 3.046949e-13 1.864353e-01 1.687523e-14 2.300563e+02 1.480932e-01
5.000000e+01 7.453564e-07 4.102317e+05 6.834263e-16 1.645644e+05 7.498674e+06 3.057707e-13 1.103393e+02 1.687529e-14 8.221642e+01 1.480919e-01
5.100000e+01 7.455451e-07 2.213932e+05 3.057073e-16 1.808137e+05 5.937449e+06 2.383611e-14 1.520918e-02 1.687423e-14 8.664160e+02 1.480931e-01
5.200000e+01 7.457340e-07 3.225840e+05 6.834263e-16 1.551720e+05 5.575183e+06 2.392098e-14 9.699125e-04 1.687437e-14 2.130262e+02 1.480917e-01
5.300000e+01 7.455468e-07 2.053929e+05 3.057073e-16 1.673715e+05 4.920146e+06 4.588530e-15 1.222520e-02 1.687339e-14 1.041855e+03 1.480907e-01
5.400000e+01 7.457622e-07 1.869392e+05 6.834263e-16 1.477146e+05 3.307018e+06 4.611454e-15 2.581307e-05 1.687360e-14 2.485849e+02 1.480919e-01
5.500000e+01 7.456017e-07 2.106333e+05 3.057073e-16 1.486537e+05 3.505451e+06 1.582649e-15 2.147855e-04 1.687268e-14 6.001067e+02 1.480904e-01
5.600000e+01 7.458439e-07 4.760983e+05 6.834263e-16 1.709781e+05 8.947394e+06 1.594688e-15 1.548814e-02 1.687296e-14 2.843398e+02 1.480917e-01
5.700000e+01 7.457105e-07 2.617248e+05 3.057073e-16 1.450597e+05 3.358832e+06 7.967948e-16 6.664851e-06 1.687211e-14 3.254386e+02 1.480927e-01
5.800000e+01 7.455776e-07 3.256431e+05 6.834263e-16 1.445568e+05 5.235726e+06 8.061952e-16 7.401529e-03 1.687245e-14 5.385039e+01 1.480919e-01
5.900000e+01 7.458227e-07 4.075332e+05 3.057073e-16 1.568942e+05 5.364968e+06 5.130574e-16 6.014810e-05 1.687166e-14 1.335834e+02 1.480930e-01
6.000000e+01 7.456581e-07 3.221884e+05 6.834320e-16 1.543569e+05 6.479327e+06 5.225446e-16 4.744426e-06 1.687207e-14 2.183602e+01 1.480919e-01
6.100000e+01 7.458866e-07 5.626949e+05 3.057103e-16 1.689924e+05 8.784875e+06 3.881750e-16 1.014229e-03 1.687133e-14 2.535912e+01 1.480929e-01
6.200000e+01 7.456985e-07 6.445601e+05 1.045128e-15 1.655741e+05 1.395989e+07 3.996332e-16 2.193741e+01 1.687180e-14 9.373951e-01 1.480918e-01
6.300000e+01 7.459022e-07 6.953483e+05 4.071392e-16 1.823895e+05 1.484179e+07 3.270424e-16 6.906738e-02 1.687112e-14 1.362718e+00 1.480922e-01
6.400000e+01 7.458989e-07 7.762169e+05 4.071362e-16 1.916949e+05 2.006433e+07 3.067789e-16 3.322350e+00 1.687104e-14 1.946366e-01 1.480901e-01
6.500000e+01 7.460986e-07 3.009991e+05 5.200838e-16 1.457628e+05 1.095841e+07 3.127058e-16 1.625648e+00 1.687155e-14 3.606148e+02 1.480924e-01
6.600000e+01 7.457070e-07 1.078364e+06 4.071585e-16 1.843089e+05 2.581696e+07 2.986755e-16 6.459783e+01 1.687153e-14 1.472270e-02 1.480901e-01
6.700000e+01 7.459232e-07 7.280809e+05 3.057182e-16 1.805200e+05 2.480134e+07 2.718852e-16 2.839372e+03 1.687097e-14 1.755049e+00 1.480930e-01
6.800000e+01 7.457007e-07 9.900508e+05 3.939178e-15 1.591887e+05 2.736814e+07 2.940228e-16 3.775968e+02 1.687160e-14 1.016291e-01 1.480918e-01
