long.t Lactobacillus_iners Lactobacillus_crispatus Lactobacillus_jensenii Lactobacillus_gasseri Gardnerella_vaginalis g_Megasphaera g_Gemella g_Parvimonas Atopobium_vaginae Prevotella_buccalis Prevotella_bivia g_Dialister
0.000000e+00 3.846091e+01 2.743728e+07 1.701041e+04 8.335184e-14 2.307394e-03 2.115073e-12 2.228184e-16 1.756977e-15 5.583588e-01 2.228019e-16 5.357285e-14 1.408112e-15
1.000000e+00 3.918694e+01 3.643908e+07 6.998270e+04 1.528963e-15 2.081111e-02 2.503029e-12 2.540545e-07 3.341011e-13 1.098752e+06 1.629963e-07 5.382583e-14 4.558183e-15
2.000000e+00 3.877263e+01 3.279688e+07 3.737178e+04 2.220967e-14 4.227274e-03 2.550716e-12 9.114094e-07 3.744345e-13 2.567893e+04 5.690616e-07 5.385217e-14 4.887748e-15
3.000000e+00 3.918505e+01 3.462696e+07 4.076857e+04 1.528917e-15 1.565345e-02 2.402425e-12 3.554415e-12 1.023843e-13 1.058914e+04 2.892725e-12 5.381789e-14 4.558178e-15
4.000000e+00 3.884382e+01 3.385831e+07 1.975361e+04 2.221190e-14 2.134696e-01 2.456792e-12 4.017479e-12 1.100270e-13 1.081161e+03 3.261076e-12 5.384479e-14 4.887744e-15
5.000000e+00 3.918240e+01 3.262834e+07 2.001687e+04 1.529266e-15 1.272409e-02 2.323116e-12 1.985852e-14 3.919913e-14 6.472247e+03 1.804771e-14 5.381108e-14 4.558174e-15
6.000000e+00 3.878185e+01 2.801281e+07 6.549411e+03 1.065858e-10 3.435430e-03 2.383689e-12 2.012614e-14 4.149207e-14 4.516555e+02 1.828571e-14 5.383854e-14 4.887739e-15
7.000000e+00 3.917901e+01 3.021795e+07 7.466464e+03 2.815837e-08 1.117286e-02 2.262370e-12 1.788870e-15 1.801284e-14 7.595076e+03 1.711187e-15 5.380540e-14 4.558171e-15
8.000000e+00 4.134945e+01 2.559672e+07 1.741958e+03 2.220933e-14 3.038571e-03 2.328925e-12 1.796108e-15 1.904498e-14 1.378919e-06 1.717964e-15 5.383341e-14 4.887735e-15
9.000000e+00 3.917733e+01 2.687013e+07 1.849308e+03 2.815837e-08 8.444306e-03 2.218186e-12 5.859547e-16 9.616971e-15 1.689950e-06 5.739801e-16 5.380084e-14 4.558167e-15
1.000000e+01 3.882076e+01 2.036791e+07 2.497671e+02 1.065858e-10 6.871102e-02 2.290714e-12 5.896229e-16 1.023282e-14 1.196068e-06 5.774966e-16 5.382941e-14 4.887731e-15
1.100000e+01 3.917741e+01 2.254985e+07 2.648652e+02 1.529266e-15 6.876294e-03 2.189157e-12 3.498615e-16 5.811056e-15 4.403024e-16 3.464932e-16 5.379740e-14 4.558164e-15
1.200000e+01 3.881484e+01 1.766436e+07 2.034760e+01 2.221216e-14 5.881398e-02 2.267845e-12 3.545880e-16 6.249521e-15 2.741756e-15 3.510739e-16 5.382653e-14 4.887728e-15
1.300000e+01 3.917676e+01 1.776138e+07 1.889341e+01 1.528953e-15 7.547356e-03 2.174381e-12 2.767578e-16 3.891252e-15 4.402543e-16 2.754637e-16 5.379509e-14 4.558161e-15
1.400000e+01 3.869301e+01 1.267029e+07 1.704311e+04 6.400216e-14 2.489816e-03 2.259609e-12 2.855572e-16 4.242607e-15 9.205393e-11 2.840328e-16 5.382477e-14 4.887724e-15
1.500000e+01 3.917527e+01 1.311315e+07 7.565059e+00 8.357050e-15 8.812001e-03 2.173405e-12 2.508943e-16 2.839638e-15 3.068723e-12 2.502430e-16 5.379389e-14 4.558158e-15
1.600000e+01 3.917428e+01 1.104066e+07 1.370926e+01 2.221144e-14 9.114876e-03 2.175749e-12 2.444258e-16 2.468995e-15 2.071969e-08 2.439268e-16 5.379357e-14 4.558157e-15
1.700000e+01 3.917329e+01 9.280024e+06 2.484368e+01 8.358615e-15 9.428162e-03 2.176900e-12 2.381239e-16 2.138235e-15 1.309777e-04 2.377700e-16 5.379326e-14 4.558156e-15
1.800000e+01 3.911534e+01 1.354153e+07 3.068476e+01 8.606345e-11 5.712969e-03 2.266768e-12 2.388950e-16 2.262620e-15 8.652666e-06 2.385234e-16 5.382350e-14 4.887718e-15
1.900000e+01 3.917125e+01 7.215264e+06 7.380115e+01 1.391526e-09 9.686295e-03 2.184928e-12 2.290862e-16 1.641793e-15 1.161729e+00 2.289341e-16 5.379318e-14 4.558153e-15
2.000000e+01 3.926063e+01 1.085336e+07 1.104027e+02 1.301950e-06 6.339025e-03 2.282313e-12 2.283709e-16 1.734195e-15 5.185820e-11 2.282344e-16 5.382399e-14 4.887716e-15
2.100000e+01 3.881620e+01 5.294084e+06 4.018916e+01 3.724751e-08 3.673874e-03 2.298147e-12 2.260172e-16 1.564150e-15 1.181513e-05 2.259319e-16 5.357572e-14 4.887715e-15
2.200000e+01 3.916793e+01 6.499336e+06 1.956344e+02 2.998801e-08 8.260710e-03 2.230663e-12 2.239856e-16 1.238268e-15 4.403551e-16 2.239441e-16 5.379104e-14 4.558150e-15
2.300000e+01 4.133760e+01 9.904173e+06 1.925896e+02 1.100466e-10 4.833151e-03 2.346721e-12 2.239953e-16 1.342712e-15 2.742163e-15 2.239536e-16 5.381840e-14 4.887713e-15
2.400000e+01 3.916742e+01 6.523921e+06 1.990443e+02 1.529438e-15 6.369830e-03 2.285232e-12 2.229668e-16 1.094843e-15 4.402742e-16 2.229471e-16 5.378521e-14 4.558148e-15
2.500000e+01 3.891901e+01 5.761774e+06 5.085097e+01 1.800435e-12 2.343566e-03 2.412616e-12 2.230397e-16 1.198317e-15 1.154226e-08 2.230185e-16 5.381313e-14 4.887711e-15
2.600000e+01 3.916878e+01 6.852122e+06 1.390248e+02 5.304374e-12 4.427653e-03 2.357315e-12 2.225225e-16 1.000489e-15 7.324554e-10 2.225123e-16 5.378051e-14 4.558147e-15
2.700000e+01 3.916933e+01 6.884497e+06 9.665015e+01 8.810870e-07 3.565181e-03 2.398070e-12 2.223944e-16 9.610558e-16 1.767411e-03 2.223869e-16 5.377843e-14 4.558146e-15
2.800000e+01 3.888031e+01 5.671827e+06 1.367949e+01 4.599929e-14 1.133396e-03 2.540580e-12 2.224094e-16 1.050056e-15 7.778085e-15 2.224016e-16 5.380690e-14 4.887709e-15
2.900000e+01 3.917015e+01 6.642555e+06 3.053208e+01 2.139713e-08 2.140124e-03 2.490338e-12 2.222069e-16 8.932438e-16 1.271022e-06 2.222035e-16 5.377484e-14 4.558145e-15
3.000000e+01 3.921022e+01 1.042369e+07 1.047648e+01 9.274195e-11 9.419282e-04 2.648987e-12 2.222084e-16 9.815166e-16 9.251790e-07 2.222049e-16 5.380386e-14 4.887708e-15
3.100000e+01 3.917071e+01 6.705693e+06 5.835826e+00 1.529261e-15 1.138066e-03 2.606565e-12 2.221200e-16 8.507882e-16 4.403014e-16 2.221184e-16 5.377236e-14 4.558144e-15
3.200000e+01 3.922122e+01 1.121471e+07 1.343803e+00 2.221186e-14 4.913087e-04 2.359408e-12 2.221202e-16 9.416304e-16 2.741569e-15 2.221186e-16 5.380194e-14 4.887707e-15
3.300000e+01 3.917137e+01 8.038290e+06 8.727214e-01 1.528917e-15 5.550574e-04 2.703419e-12 2.220796e-16 8.287418e-16 4.402220e-16 2.220789e-16 5.377099e-14 4.558144e-15
3.400000e+01 4.134283e+01 4.805013e+06 3.280638e+02 2.220933e-14 1.880508e-03 2.850630e-12 2.220797e-16 9.253826e-16 2.741124e-15 2.220789e-16 5.380113e-14 4.887706e-15
3.500000e+01 3.917419e+01 9.215383e+06 7.818534e-01 1.528917e-15 2.970979e-04 2.779536e-12 2.220609e-16 8.246826e-16 4.402220e-16 2.220606e-16 5.377073e-14 4.558143e-15
3.600000e+01 3.899225e+01 1.103341e+07 3.984467e-01 2.220933e-14 9.992922e-05 2.944528e-12 2.220610e-16 9.308028e-16 2.741123e-15 2.220606e-16 5.380143e-14 4.887706e-15
3.700000e+01 3.917894e+01 9.571580e+06 3.161883e+00 1.528917e-15 1.695228e-04 2.883933e-12 2.220522e-16 8.381758e-16 4.402220e-16 2.220521e-16 5.377159e-14 4.558143e-15
3.800000e+01 3.867517e+01 7.655757e+06 4.782258e-01 2.220933e-14 5.783291e-04 2.494047e-12 2.220523e-16 9.584615e-16 2.741123e-15 2.220521e-16 5.380284e-14 4.887706e-15
3.900000e+01 3.918300e+01 9.711496e+06 4.176910e+00 1.528917e-15 1.025609e-04 2.955265e-12 2.220482e-16 8.706801e-16 4.402220e-16 2.220481e-16 5.377356e-14 4.558144e-15
4.000000e+01 3.923546e+01 1.528045e+07 1.697826e+00 2.220933e-14 4.339079e-05 3.092881e-12 2.220483e-16 1.011585e-15 2.741123e-15 2.220482e-16 5.359350e-14 4.887706e-15
4.100000e+01 3.918661e+01 1.019430e+07 2.318312e+00 1.528917e-15 6.679054e-05 2.991757e-12 2.220463e-16 9.258655e-16 4.402220e-16 2.220463e-16 5.377276e-14 4.558144e-15
4.200000e+01 3.885178e+01 8.141637e+06 1.386097e-01 2.220933e-14 1.573482e-05 3.146863e-12 2.220464e-16 1.096829e-15 2.741123e-15 2.220464e-16 5.380125e-14 4.887707e-15
4.300000e+01 3.918992e+01 1.100215e+07 5.320219e-01 1.528917e-15 3.722372e-05 3.058947e-12 2.220455e-16 1.010458e-15 4.402220e-16 2.220455e-16 5.376921e-14 4.558145e-15
4.400000e+01 3.925999e+01 1.870335e+07 7.887401e-02 2.220933e-14 1.243875e-05 2.755293e-12 2.220456e-16 1.226017e-15 2.741123e-15 2.220456e-16 5.379825e-14 4.887708e-15
4.500000e+01 3.919296e+01 1.232558e+07 4.878731e-02 1.528917e-15 1.766486e-05 3.106656e-12 2.220451e-16 1.135943e-15 4.402220e-16 2.220451e-16 5.376677e-14 4.558146e-15
4.600000e+01 3.876662e+01 1.104990e+07 7.816539e+00 2.220933e-14 5.226828e-05 2.655413e-12 2.220453e-16 1.419656e-15 2.741123e-15 2.220453e-16 5.379636e-14 4.887709e-15
4.700000e+01 3.919564e+01 1.457250e+07 2.102090e-02 1.528917e-15 8.877552e-06 3.068710e-12 2.220451e-16 1.321866e-15 4.402220e-16 2.220450e-16 5.376543e-14 4.558147e-15
4.800000e+01 3.885985e+01 1.335082e+07 1.103826e-03 2.220933e-14 2.965466e-05 3.155501e-12 2.220453e-16 1.714023e-15 2.741124e-15 2.220453e-16 5.379558e-14 4.887711e-15
4.900000e+01 3.919755e+01 1.601497e+07 2.105557e-02 1.528917e-15 5.641074e-06 2.998123e-12 2.220452e-16 1.602366e-15 4.402220e-16 2.220452e-16 5.376521e-14 4.558148e-15
5.000000e+01 3.922907e+01 2.901129e+07 1.656134e-03 2.220959e-14 2.169565e-05 3.098281e-12 2.220457e-16 2.176207e-15 2.741351e-15 2.220457e-16 5.379592e-14 4.887713e-15
5.100000e+01 3.919916e+01 1.892770e+07 4.756997e-03 1.528953e-15 4.512564e-06 2.958484e-12 2.220456e-16 2.039727e-15 4.402625e-16 2.220456e-16 5.376609e-14 4.558150e-15
5.200000e+01 3.882612e+01 1.717412e+07 1.909048e-05 6.400245e-14 2.045487e-05 3.072445e-12 2.220469e-16 2.938169e-15 1.146780e-09 2.220469e-16 5.353968e-14 1.694765e-15
5.300000e+01 3.920041e+01 2.376510e+07 2.001565e-04 8.357121e-15 4.534677e-06 2.948152e-12 2.220467e-16 2.754221e-15 2.968301e-11 2.220466e-16 5.376338e-14 4.558150e-15
5.400000e+01 3.920085e+01 2.607783e+07 2.334967e-05 2.221195e-14 4.811898e-06 2.950550e-12 2.220474e-16 3.246930e-15 2.291630e-06 2.220473e-16 5.375994e-14 4.558149e-15
5.500000e+01 3.920130e+01 2.862414e+07 2.723904e-06 8.359069e-15 5.106066e-06 2.953666e-12 2.220481e-16 3.814549e-15 2.343598e-01 2.220480e-16 5.375650e-14 4.558148e-15
5.600000e+01 3.873211e+01 2.599932e+07 3.766595e-05 5.004549e-10 2.983726e-05 3.084242e-12 2.220517e-16 6.047275e-15 8.604854e-04 2.220515e-16 5.378360e-14 4.887711e-15
5.700000e+01 3.920170e+01 3.340019e+07 1.211057e-07 3.978511e-08 6.449690e-06 2.975176e-12 2.220507e-16 5.493085e-15 1.347265e+04 2.220506e-16 5.375018e-14 4.558147e-15
5.800000e+01 3.858106e+01 3.155888e+07 9.823271e-11 7.445648e-11 1.494687e-06 3.122263e-12 2.220575e-16 9.487241e-15 2.291442e-06 2.220572e-16 5.377782e-14 4.887710e-15
5.900000e+01 3.920101e+01 3.701705e+07 3.588741e-09 3.608655e-01 8.221157e-06 3.026582e-12 2.220570e-16 8.745523e-15 1.706544e-06 2.220568e-16 5.374496e-14 4.558145e-15
6.000000e+01 3.893491e+01 4.938770e+07 5.882070e-09 1.269713e-10 2.126817e-06 2.630139e-12 2.220712e-16 1.686736e-14 1.206650e-06 2.220707e-16 5.377315e-14 4.887708e-15
6.100000e+01 3.919943e+01 4.215171e+07 4.774031e-11 1.387443e-08 8.637740e-06 3.047483e-12 2.220710e-16 1.569611e-14 4.403025e-16 2.220704e-16 5.374084e-14 4.558144e-15
6.200000e+01 4.137223e+01 2.751931e+07 8.740181e-11 7.446440e-11 6.394486e-05 3.166114e-12 2.221015e-16 3.492062e-14 2.742033e-15 2.221003e-16 5.376958e-14 4.887707e-15
6.300000e+01 3.919969e+01 4.609234e+07 2.521923e-12 1.529252e-15 9.348823e-06 3.037478e-12 2.221013e-16 3.254242e-14 4.403036e-16 2.221001e-16 5.373782e-14 4.558143e-15
6.400000e+01 3.882402e+01 4.263744e+07 5.846625e-12 2.221179e-14 1.512082e-06 3.171996e-12 2.221682e-16 8.731691e-14 1.588136e-06 2.221655e-16 5.376712e-14 4.887707e-15
6.500000e+01 3.920170e+01 4.574210e+07 3.802252e-13 1.528917e-15 1.025550e-05 3.058267e-12 2.221665e-16 8.035124e-14 2.314540e-06 2.221639e-16 5.373590e-14 4.558142e-15
6.600000e+01 3.875388e+01 4.160416e+07 1.340876e-12 2.220967e-14 1.092199e-06 2.609309e-12 2.223234e-16 1.426663e-15 1.210462e-06 2.223175e-16 5.376575e-14 4.887706e-15
6.700000e+01 3.920287e+01 4.446118e+07 1.322896e-13 1.528963e-15 9.076306e-06 3.044239e-12 2.223073e-16 1.117114e-13 9.002239e+03 2.223017e-16 5.373508e-14 4.558142e-15
6.800000e+01 3.883973e+01 3.989293e+07 1.045183e-12 8.335184e-14 1.066816e-04 3.143601e-12 2.228184e-16 2.031201e-13 3.723543e-01 2.228019e-16 5.376548e-14 4.887706e-15
