long.t Lactobacillus_crispatus Lactobacillus_jensenii Lactobacillus_gasseri Gardnerella_vaginalis g_Megasphaera Atopobium_vaginae Prevotella_buccalis Prevotella_bivia g_Dialister g_Mobiluncus
0.000000e+00 5.135946e+08 1.977386e+06 2.256884e-16 1.223451e-15 1.185892e-15 1.361270e+04 1.490294e+04 3.763363e+02 8.971296e+04 7.387001e-04
1.000000e+00 4.560159e+08 1.590790e+06 2.252025e-16 1.223470e-15 1.185882e-15 4.608033e+03 1.412791e+04 3.603704e+02 8.947962e+04 7.386995e-04
2.000000e+00 4.682064e+08 1.870253e+06 2.248181e-16 1.223541e-15 1.185883e-15 2.393940e+02 1.491180e+04 3.777739e+02 9.461371e+04 7.387297e-04
3.000000e+00 4.653750e+08 2.100172e+06 2.245146e-16 1.223674e-15 1.185895e-15 3.025443e-01 1.441313e+04 3.590356e+02 8.967192e+04 7.387303e-04
4.000000e+00 4.955499e+08 2.178237e+06 2.242781e-16 1.223891e-15 1.185918e-15 4.869930e+04 1.407707e+04 3.630505e+02 8.965083e+04 7.387012e-04
5.000000e+00 5.220108e+08 2.655156e+06 2.240990e-16 1.224225e-15 1.185953e-15 2.869702e-03 1.382885e+04 3.582909e+02 8.976423e+04 7.387019e-04
6.000000e+00 5.079541e+08 2.480251e+06 2.237830e-16 1.224651e-15 1.185947e-15 6.715353e+00 1.578723e+04 4.067480e+02 9.013518e+04 7.387152e-04
7.000000e+00 5.378723e+08 3.202929e+06 2.238378e-16 1.223228e-15 1.186047e-15 3.264335e-02 1.348401e+04 3.328897e+02 8.989744e+04 7.387022e-04
8.000000e+00 4.915626e+08 3.090819e+06 2.237485e-16 1.224698e-15 1.186107e-15 6.551650e-05 1.321242e+04 3.434307e+02 9.012377e+04 7.387020e-04
9.000000e+00 5.413612e+08 4.196193e+06 2.236998e-16 1.224220e-15 1.186183e-15 1.687670e-01 1.285205e+04 3.280085e+02 9.012504e+04 7.387008e-04
1.000000e+01 5.351152e+08 6.416425e+06 2.236901e-16 1.223911e-15 1.186275e-15 1.826035e-01 1.238664e+04 8.301973e+02 9.014031e+04 7.386980e-04
1.100000e+01 5.313381e+08 5.697536e+06 2.237192e-16 1.223723e-15 1.186386e-15 4.521275e-07 1.203254e+04 3.174913e+02 9.017717e+04 7.386953e-04
1.200000e+01 5.270527e+08 1.178879e+07 2.236219e-16 1.223549e-15 1.186462e-15 8.783271e-01 1.313193e+04 3.594970e+02 9.051569e+04 7.387033e-04
1.300000e+01 5.203846e+08 1.661691e+07 2.236790e-16 1.223465e-15 1.186601e-15 1.589207e+01 1.261948e+04 3.550589e+02 9.056635e+04 7.386992e-04
1.400000e+01 5.138012e+08 2.343120e+07 2.237358e-16 1.223382e-15 1.186750e-15 2.875441e+02 1.212702e+04 3.506805e+02 9.061714e+04 7.386951e-04
1.500000e+01 4.813495e+08 2.958631e+07 2.239642e-16 1.223364e-15 1.186966e-15 6.920439e+01 1.010731e+04 2.947413e+02 9.046241e+04 7.387094e-04
1.600000e+01 4.773403e+08 4.599053e+07 2.240617e-16 1.223303e-15 1.185613e-15 1.884227e+02 9.760862e+03 2.946831e+02 9.037801e+04 7.386756e-04
1.700000e+01 4.783523e+08 6.592648e+07 2.242055e-16 1.223267e-15 1.186972e-15 2.087445e+00 9.635274e+03 7.138555e+02 9.047587e+04 7.387030e-04
1.800000e+01 4.802940e+08 1.044795e+08 2.243986e-16 1.223251e-15 1.186815e-15 4.180129e+06 8.968647e+03 2.890246e+02 9.040586e+04 7.386699e-04
1.900000e+01 4.103237e+08 1.011176e+08 2.246454e-16 1.223252e-15 1.186685e-15 1.400399e+01 8.294083e+03 2.890534e+02 9.031305e+04 7.386974e-04
2.000000e+01 4.431839e+08 1.718193e+08 2.249517e-16 1.223271e-15 1.186581e-15 2.706875e+04 8.214237e+03 2.900123e+02 9.052640e+04 7.386955e-04
2.100000e+01 4.004312e+08 1.261273e+08 2.253252e-16 1.223309e-15 1.186501e-15 8.824102e+05 7.587292e+03 2.879893e+02 9.047740e+04 7.386949e-04
2.200000e+01 3.942933e+08 1.301163e+08 2.254658e-16 1.223297e-15 1.186390e-15 1.360786e+07 7.921115e+03 3.218832e+02 9.084306e+04 7.386772e-04
2.300000e+01 3.782556e+08 7.661433e+07 2.262133e-16 1.223413e-15 1.186392e-15 1.164234e+07 6.592879e+03 2.791812e+02 9.026583e+04 7.386962e-04
2.400000e+01 4.129881e+08 1.070134e+08 2.267461e-16 1.223494e-15 1.186361e-15 4.540632e+07 1.913142e+04 2.824398e+02 9.057885e+04 7.386683e-04
2.500000e+01 3.534448e+08 5.244279e+07 2.273861e-16 1.223631e-15 1.186350e-15 4.781916e+07 1.830191e+04 2.686021e+02 9.065692e+04 7.386687e-04
2.600000e+01 4.005240e+08 6.932076e+07 2.281483e-16 1.223844e-15 1.186359e-15 5.160651e+07 5.948167e+03 2.628708e+02 9.052622e+04 7.386692e-04
2.700000e+01 3.702128e+08 5.315392e+07 2.290511e-16 1.224168e-15 1.186387e-15 3.076490e+07 5.910553e+03 2.538586e+02 9.045042e+04 7.386990e-04
2.800000e+01 3.752354e+08 5.895604e+07 2.301163e-16 1.224653e-15 1.186435e-15 3.128288e+07 5.855544e+03 5.670570e+02 9.062470e+04 7.386997e-04
2.900000e+01 3.502333e+08 4.424266e+07 2.313702e-16 1.223150e-15 1.186504e-15 1.118578e+07 5.778713e+03 2.382668e+02 9.045395e+04 7.387017e-04
3.000000e+01 3.355541e+08 2.143263e+07 2.328441e-16 1.224650e-15 1.186596e-15 6.021985e+06 5.428673e+03 2.315974e+02 9.027555e+04 7.386732e-04
3.100000e+01 4.556710e+08 3.366811e+07 2.345757e-16 1.224162e-15 1.186711e-15 4.903118e+06 5.651607e+03 2.365328e+02 9.043069e+04 7.386767e-04
3.200000e+01 3.426298e+08 1.158358e+07 2.366104e-16 1.223834e-15 1.186852e-15 9.363722e+05 1.612691e+04 2.263358e+02 9.039271e+04 7.386787e-04
3.300000e+01 3.898255e+08 1.707426e+07 2.390029e-16 1.223615e-15 1.185504e-15 5.557456e+05 5.538005e+03 5.097466e+02 9.033838e+04 7.386792e-04
3.400000e+01 3.841393e+08 1.293945e+07 2.418196e-16 1.223471e-15 1.186817e-15 1.095544e+05 5.393115e+03 2.136903e+02 9.010635e+04 7.387093e-04
3.500000e+01 3.903579e+08 1.549796e+07 2.451419e-16 1.223377e-15 1.186639e-15 9.067711e+03 5.409253e+03 2.175189e+02 9.021384e+04 7.387104e-04
3.600000e+01 3.999583e+08 1.267627e+07 2.490701e-16 1.223321e-15 1.186486e-15 6.871586e+01 5.283564e+03 2.095673e+02 8.994619e+04 7.386812e-04
3.700000e+01 4.216328e+08 8.176923e+06 2.537294e-16 1.223293e-15 1.186355e-15 1.718576e-03 5.269418e+03 2.061096e+02 8.993308e+04 7.386830e-04
3.800000e+01 4.240525e+08 6.052206e+06 2.560238e-16 1.223211e-15 1.186190e-15 1.008026e-05 5.958742e+03 2.330728e+02 9.016975e+04 7.386966e-04
3.900000e+01 4.109856e+08 4.084497e+06 2.648165e-16 1.223244e-15 1.186135e-15 6.971223e-08 5.269356e+03 1.963739e+02 8.987298e+04 7.387156e-04
4.000000e+01 4.305224e+08 3.633533e+06 2.715469e-16 1.223216e-15 1.186043e-15 2.063703e-12 5.143500e+03 1.971037e+02 8.973307e+04 7.386871e-04
4.100000e+01 3.955625e+08 1.736218e+06 2.797152e-16 1.223199e-15 1.185964e-15 1.880939e-14 4.972754e+03 1.845780e+02 8.957028e+04 7.386875e-04
4.200000e+01 4.164207e+08 2.902294e+06 2.896410e-16 1.223192e-15 1.185898e-15 1.964021e-15 5.025872e+03 1.837113e+02 8.972067e+04 7.386880e-04
4.300000e+01 3.516508e+08 1.294943e+06 3.017436e-16 1.223192e-15 1.185844e-15 6.536337e-16 4.685888e+03 1.682540e+02 8.936588e+04 7.386870e-04
4.400000e+01 3.627168e+08 1.676173e+06 3.165809e-16 1.223200e-15 1.185800e-15 3.846050e-16 4.510849e+03 1.630110e+02 8.930491e+04 7.386861e-04
4.500000e+01 3.311234e+08 7.123160e+05 3.349086e-16 1.223218e-15 1.185766e-15 3.029734e-16 4.323066e+03 1.543354e+02 8.919411e+04 7.386830e-04
4.600000e+01 3.114851e+08 5.865520e+05 3.434580e-16 1.223170e-15 1.185687e-15 2.522397e-16 4.778475e+03 1.695283e+02 8.935758e+04 7.386924e-04
4.700000e+01 3.833764e+08 1.432469e+06 3.816828e-16 1.223230e-15 1.185709e-15 2.461697e-16 4.139057e+03 1.416067e+02 8.909088e+04 7.386765e-04
4.800000e+01 3.021953e+08 5.910007e+05 4.123521e-16 1.223227e-15 1.185686e-15 2.336434e-16 3.912248e+03 1.349352e+02 8.894719e+04 7.386731e-04
4.900000e+01 3.168375e+08 1.948432e+06 4.520373e-16 1.223237e-15 1.185671e-15 2.288920e-16 3.778940e+03 2.990041e+02 8.898173e+04 7.386983e-04
5.000000e+01 2.907083e+08 2.196994e+06 5.040949e-16 1.223263e-15 1.185663e-15 2.281921e-16 3.403260e+03 1.182452e+02 8.856788e+04 7.386945e-04
5.100000e+01 3.332759e+08 5.132953e+06 5.247010e-16 1.223230e-15 1.185608e-15 2.270121e-16 3.736571e+03 1.304464e+02 8.872779e+04 7.386737e-04
5.200000e+01 3.079377e+08 8.138942e+06 6.515868e-16 1.223315e-15 1.185654e-15 2.345762e-16 1.074255e+04 2.672982e+02 9.331759e+04 7.386897e-04
5.300000e+01 3.371627e+08 1.138800e+07 6.732933e-16 1.223272e-15 1.185599e-15 2.329627e-16 3.448623e+03 1.220459e+02 8.855886e+04 7.386701e-04
5.400000e+01 3.332236e+08 1.745721e+07 7.709823e-16 1.223277e-15 1.185591e-15 2.377262e-16 3.368788e+03 1.193808e+02 8.852239e+04 7.386690e-04
5.500000e+01 3.293307e+08 2.677258e+07 8.828446e-16 1.223252e-15 1.185575e-15 2.425870e-16 3.290802e+03 1.167728e+02 8.848585e+04 7.386678e-04
5.600000e+01 2.465679e+08 4.224307e+07 1.180816e-15 1.223272e-15 1.185605e-15 2.685571e-16 2.660758e+03 9.570416e+01 9.317085e+04 7.386849e-04
5.700000e+01 2.104770e+08 4.747803e+07 1.414824e-15 1.223235e-15 1.185588e-15 2.973018e-16 1.021320e+04 9.362379e+01 8.817252e+04 7.386536e-04
5.800000e+01 1.764826e+08 5.949592e+07 1.769482e-15 1.223212e-15 1.185577e-15 3.860604e-16 2.590838e+03 9.025218e+01 8.814026e+04 7.386532e-04
5.900000e+01 1.253075e+08 9.811137e+07 2.322659e-15 1.223201e-15 1.185571e-15 6.715864e-16 2.654577e+03 8.880536e+01 8.835369e+04 7.386516e-04
6.000000e+01 4.959124e+07 3.916131e+07 3.222288e-15 1.223198e-15 1.185570e-15 2.104572e-15 2.512627e+03 8.119934e+01 8.821695e+04 7.386796e-04
6.100000e+01 2.995387e+07 4.257735e+07 4.767142e-15 1.223205e-15 1.185576e-15 2.268731e-14 2.587866e+03 8.194247e+01 8.837725e+04 7.386782e-04
6.200000e+01 1.276378e+07 4.888400e+07 7.607092e-15 1.223221e-15 1.185587e-15 4.454339e-12 2.668388e+03 7.951338e+01 8.857936e+04 7.386485e-04
6.300000e+01 5.678955e+06 2.116398e+07 8.812076e-15 1.223172e-15 1.185550e-15 5.516835e-11 2.977635e+03 8.552505e+01 8.871451e+04 7.386587e-04
6.400000e+01 8.919461e+05 3.186297e+07 2.307939e-14 1.223233e-15 1.185612e-15 3.678590e-03 2.542711e+03 1.897724e+02 8.855574e+04 7.386761e-04
6.500000e+01 1.225503e+05 2.860343e+07 4.523442e-14 1.223230e-15 1.185627e-15 4.491137e-05 2.466296e+03 6.695350e+01 8.860574e+04 7.386458e-04
6.600000e+01 1.070135e+04 4.228868e+07 1.025905e-13 1.223241e-15 1.185648e-15 7.645126e+00 2.407801e+03 1.811559e+02 8.869167e+04 7.386455e-04
6.700000e+01 2.994376e+02 7.674246e+07 2.788436e-13 1.223268e-15 1.185677e-15 1.892423e+03 2.322398e+03 6.404281e+01 8.864267e+04 7.386742e-04
6.800000e+01 2.077631e+08 3.123330e+07 2.253474e-16 1.223315e-15 1.185713e-15 4.939318e+03 1.114618e+04 1.800469e+02 8.866029e+04 7.386739e-04
