long.t Lactobacillus_iners Lactobacillus_crispatus Lactobacillus_jensenii Gardnerella_vaginalis g_Megasphaera g_Gemella g_Parvimonas Atopobium_vaginae Prevotella_buccalis Prevotella_bivia g_Dialister g_Mobiluncus
0.000000e+00 7.217069e+05 2.282393e+06 7.396648e+05 6.393464e+01 9.838928e-04 1.278441e-14 3.254131e-12 4.515553e-07 2.715817e-15 6.191670e-02 4.752738e+00 8.916886e-14
1.000000e+00 6.595768e+05 7.735076e+05 2.606689e+05 6.393545e+01 8.706377e-05 2.129628e-07 3.254527e-12 4.514975e-07 8.559670e-16 6.192209e-02 4.726349e+00 3.179598e-16
2.000000e+00 1.000351e+05 2.476238e+05 1.189287e+05 6.393328e+01 1.853131e-05 6.731143e-07 3.254184e-12 4.514305e-07 1.777344e-14 6.191312e-02 4.718891e+00 5.771422e-10
3.000000e+00 1.263354e+06 1.437388e+06 4.286819e+05 6.393470e+01 9.619982e-05 9.166550e-16 3.253990e-12 4.515090e-07 8.166703e-15 6.192182e-02 4.726681e+00 1.659055e-11
4.000000e+00 1.067621e+06 1.269794e+06 4.585761e+05 6.393417e+01 9.850367e-05 1.434825e-15 3.254119e-12 4.515011e-07 4.600688e-14 6.192162e-02 4.726820e+00 9.374435e-07
5.000000e+00 9.358282e+05 1.139895e+06 4.929719e+05 6.393363e+01 1.008627e-04 9.165935e-16 3.253986e-12 4.514931e-07 2.591784e-13 6.192143e-02 4.726958e+00 6.231871e-02
6.000000e+00 1.122653e+05 4.122551e+06 7.931584e+05 6.393192e+01 2.313744e-05 4.349879e-15 3.254131e-12 4.513977e-07 6.698782e-08 6.194111e-02 4.721734e+00 1.460885e-03
7.000000e+00 3.240358e+05 1.957551e+06 6.678429e+05 6.393233e+01 1.001906e-04 3.869740e-16 3.253832e-12 4.514480e-07 2.295275e-09 6.192129e-02 4.727198e+00 6.938868e+03
8.000000e+00 2.551296e+03 1.377814e+06 4.158763e+05 6.393909e+01 7.295451e-04 1.434754e-15 3.254119e-12 4.514872e-07 2.233148e-16 6.191285e-02 4.719845e+00 9.374435e-07
9.000000e+00 7.177966e+03 4.129420e+06 8.080809e+05 6.393185e+01 1.017851e-04 3.869740e-16 3.253832e-12 4.513938e-07 2.311832e-09 6.192129e-02 4.727346e+00 1.847272e-06
1.000000e+01 4.202099e-01 6.657289e+06 1.256689e+06 6.393142e+01 3.215715e-05 4.349780e-15 3.254131e-12 4.514523e-07 7.071442e-08 6.194110e-02 4.722125e+00 1.460885e-03
1.100000e+01 1.087597e+00 6.540688e+06 9.022211e+05 6.393225e+01 1.064555e-04 9.165712e-16 3.253990e-12 4.513775e-07 2.672779e-13 6.192143e-02 4.727403e+00 6.217586e-16
1.200000e+01 2.832180e-03 9.514240e+06 1.049954e+06 6.393237e+01 1.063196e-04 1.434749e-15 3.254175e-12 4.513767e-07 4.822896e-14 6.192162e-02 4.727413e+00 8.723731e-16
1.300000e+01 7.104855e-06 1.442502e+07 1.229815e+06 6.393246e+01 1.061838e-04 9.165726e-16 3.254723e-12 4.513726e-07 8.702677e-15 6.192181e-02 4.727423e+00 6.217586e-16
1.400000e+01 1.764127e-02 1.072307e+07 1.446662e+06 6.394005e+01 2.993847e-05 1.073325e-14 3.254142e-12 4.514424e-07 2.453490e-14 6.191033e-02 4.719152e+00 8.408914e-15
1.500000e+01 1.075233e-08 2.691223e+07 1.720920e+06 6.393365e+01 1.003634e-04 6.236692e-16 3.254711e-12 4.513786e-07 9.920885e-16 6.192205e-02 4.727384e+00 4.490048e-16
1.600000e+01 6.330806e-09 3.337744e+07 2.057250e+06 6.393476e+01 9.498334e-05 6.236672e-16 3.254020e-12 4.513889e-07 6.267625e-16 6.192209e-02 4.727335e+00 4.490048e-16
1.700000e+01 3.496079e-05 3.283971e+07 1.739891e+06 6.393406e+01 2.607741e-05 9.165716e-16 3.253990e-12 4.514736e-07 6.609337e-16 6.191245e-02 4.719509e+00 6.217586e-16
1.800000e+01 2.922779e-13 2.329195e+07 1.255741e+06 6.393459e+01 4.310732e-04 6.236709e-16 3.253976e-12 4.513329e-07 5.452457e-16 6.191269e-02 4.719202e+00 4.490048e-16
1.900000e+01 8.237637e-09 3.618398e+07 1.990038e+06 6.393723e+01 7.777063e-05 3.869743e-16 3.253821e-12 4.514231e-07 4.537868e-16 6.192188e-02 4.727021e+00 3.179598e-16
2.000000e+01 9.717471e-06 1.033076e+07 8.291380e+05 6.393561e+01 2.221376e-05 1.014681e-14 3.254130e-12 4.514959e-07 2.144064e-15 6.194156e-02 4.719552e+00 1.515331e-14
2.100000e+01 3.463929e-10 1.393209e+07 9.817888e+05 6.393800e+01 6.863180e-05 1.993993e-15 3.253987e-12 4.514365e-07 1.299372e-15 6.192175e-02 4.726647e+00 1.762648e-15
2.200000e+01 5.283043e-10 7.394772e+06 6.286479e+05 6.393824e+01 6.268931e-05 7.712545e-15 3.254131e-12 4.514526e-07 2.970946e-15 6.192180e-02 4.726434e+00 7.312517e-15
2.300000e+01 7.324691e-10 4.077988e+06 4.047523e+05 6.393849e+01 5.726135e-05 1.603738e-14 3.254142e-12 4.514674e-07 6.792910e-15 6.192186e-02 4.726220e+00 1.679190e-14
2.400000e+01 9.243062e-10 2.319120e+06 2.618205e+05 6.393875e+01 5.230338e-05 2.021273e-14 3.254142e-12 4.514812e-07 1.553163e-14 6.192191e-02 4.726007e+00 2.207219e-14
2.500000e+01 1.062532e-09 1.350418e+06 1.700177e+05 6.393902e+01 4.777469e-05 1.603754e-14 3.254142e-12 4.514943e-07 3.551224e-14 6.192197e-02 4.725794e+00 1.679190e-14
2.600000e+01 1.113253e-09 7.996910e+05 1.107408e+05 6.393930e+01 4.363812e-05 7.712713e-15 3.254131e-12 4.515070e-07 8.119686e-14 6.192202e-02 4.725581e+00 7.312517e-15
2.700000e+01 1.063281e-09 4.784298e+05 7.229259e+04 6.393959e+01 3.985971e-05 1.994067e-15 3.253988e-12 4.515198e-07 1.856523e-13 6.192208e-02 4.725368e+00 1.762648e-15
2.800000e+01 8.630100e-03 1.689260e+05 3.449254e+04 6.393904e+01 1.609283e-04 2.629450e-10 3.254143e-12 4.514535e-07 2.598095e-06 6.191634e-02 4.751721e+00 3.413773e-13
2.900000e+01 8.711626e-08 1.426216e+05 2.849589e+04 6.394010e+01 3.579927e-05 1.274561e-12 3.253987e-12 4.515213e-07 1.227518e-10 6.192212e-02 4.725131e+00 6.217586e-16
3.000000e+01 7.597302e-06 6.998969e+04 1.717604e+04 6.394032e+01 3.520028e-05 9.081424e-09 3.254119e-12 4.515101e-07 3.549724e-08 6.192210e-02 4.725107e+00 8.723730e-16
3.100000e+01 6.242729e-04 3.365089e+04 1.033982e+04 6.394055e+01 3.461131e-05 3.436716e-04 3.253990e-12 4.514989e-07 1.026505e-05 6.192209e-02 4.725082e+00 6.217586e-16
3.200000e+01 2.509880e-04 6.285799e+04 1.213714e+04 6.394046e+01 1.520897e-05 1.320795e-07 3.254179e-12 4.515649e-07 4.643840e-09 6.191779e-02 4.722501e+00 2.716627e-05
3.300000e+01 3.697101e-01 1.432037e+04 4.726419e+03 6.394103e+01 3.208969e-05 1.009863e+01 3.254466e-12 4.515004e-07 8.486595e-04 6.192200e-02 4.725016e+00 6.666334e-08
3.400000e+01 7.393221e-01 1.102109e+04 3.101353e+03 6.394038e+01 1.463807e-05 9.081133e-09 3.254119e-12 4.515903e-07 2.486662e-09 6.191655e-02 4.722498e+00 5.031024e-08
3.500000e+01 1.005084e+01 9.733857e+03 2.547930e+03 6.394143e+01 2.745060e-05 3.745346e-08 3.254468e-12 4.515504e-07 4.356604e-08 6.192180e-02 4.724913e+00 1.126959e+01
3.600000e+01 3.280174e+01 1.742810e+04 5.041357e+03 6.394134e+01 1.186500e-05 3.973344e-09 3.254214e-12 4.515245e-07 2.093144e-07 6.194153e-02 4.724703e+00 6.163722e-08
3.700000e+01 1.261738e+02 8.835339e+03 1.986671e+03 6.394175e+01 2.170566e-05 3.869966e-16 3.254444e-12 4.516090e-07 1.148733e-12 6.192177e-02 4.724792e+00 5.375182e-08
3.800000e+01 9.803084e+02 7.380940e+04 8.496064e+03 6.394180e+01 9.609301e-06 1.434888e-15 3.254119e-12 4.515694e-07 1.056842e-10 6.194175e-02 4.724835e+00 5.031024e-08
3.900000e+01 2.351088e+03 3.951262e+04 4.339926e+03 6.394212e+01 1.588967e-05 3.869961e-16 3.254441e-12 4.516375e-07 1.734674e-12 6.192223e-02 4.724670e+00 3.179598e-16
4.000000e+01 5.505501e+02 1.379031e+04 1.633147e+03 6.394024e+01 4.838014e-05 2.876089e-09 3.254166e-12 4.515537e-07 1.028388e-06 6.194245e-02 4.751170e+00 3.514665e-08
4.100000e+01 1.280783e+04 1.229705e+05 8.139548e+03 6.394228e+01 1.203202e-05 2.509070e-08 3.253838e-12 4.516299e-07 2.543725e-07 6.192318e-02 4.724738e+00 3.674905e-08
4.200000e+01 1.724389e+04 2.684259e+05 1.336708e+04 6.394191e+01 5.410320e-06 1.500598e-09 3.254165e-12 4.515556e-07 7.394705e-07 6.191922e-02 4.722798e+00 8.110498e-08
4.300000e+01 1.566165e+04 1.514462e+05 9.229338e+03 6.394221e+01 9.412094e-06 7.262621e-01 3.254436e-12 4.515857e-07 1.896252e-01 6.192432e-02 4.724979e+00 1.030717e+01
4.400000e+01 5.055614e+04 6.984347e+05 2.356721e+04 6.394195e+01 4.076044e-06 2.875956e-09 3.254119e-12 4.514953e-07 1.218106e+00 6.192078e-02 4.722661e+00 3.952343e+01
4.500000e+01 4.126164e+04 6.709534e+05 1.857467e+04 6.394216e+01 6.820887e-06 1.120242e-08 3.254436e-12 4.515105e-07 1.298969e+02 6.192535e-02 4.725189e+00 3.515104e+02
4.600000e+01 1.585660e+04 2.019883e+05 7.142734e+03 6.394073e+01 2.003574e-05 1.500670e-09 3.254165e-12 4.515411e-07 6.083104e+01 6.191762e-02 4.718394e+00 1.700569e+02
4.700000e+01 7.833638e+04 1.477440e+06 2.710877e+04 6.394199e+01 5.094982e-06 3.869950e-16 3.253834e-12 4.514405e-07 2.476183e+03 6.192623e-02 4.725332e+00 9.562632e+03
4.800000e+01 2.851081e+04 2.745423e+05 9.519215e+03 6.394076e+01 1.640074e-06 1.434814e-15 3.254119e-12 4.514929e-07 1.750217e+02 6.191881e-02 4.718010e+00 3.932019e+01
4.900000e+01 3.920750e+04 3.477264e+05 1.379851e+04 6.394157e+01 3.857827e-06 3.869729e-16 3.253831e-12 4.514130e-07 7.161895e+02 6.192692e-02 4.725374e+00 2.788720e+02
5.000000e+01 4.388623e+04 3.797109e+05 1.601987e+04 6.394065e+01 1.583061e-06 1.434751e-15 3.254119e-12 4.514854e-07 9.716262e+02 6.192346e-02 4.723538e+00 6.917007e+01
5.100000e+01 1.886692e+04 7.318289e+04 6.268018e+03 6.394099e+01 2.661824e-06 3.869740e-16 3.253832e-12 4.514252e-07 9.738597e+01 6.192746e-02 4.725350e+00 3.949828e+00
5.200000e+01 2.347441e+04 9.378918e+04 9.513660e+03 6.394030e+01 7.784655e-06 4.349777e-15 3.254131e-12 4.515177e-07 1.622874e+02 6.192286e-02 4.723172e+00 5.235806e-01
5.300000e+01 1.668925e+04 4.303809e+04 4.855999e+03 6.394035e+01 1.887850e-06 9.165706e-16 3.253986e-12 4.514784e-07 7.295395e+01 6.192789e-02 4.725298e+00 2.366930e+00
5.400000e+01 1.765142e+04 3.788770e+04 4.828355e+03 6.394004e+01 1.642918e-06 1.434748e-15 3.254119e-12 4.515158e-07 7.990739e+01 6.192808e-02 4.725264e+00 2.183822e+00
5.500000e+01 1.906952e+04 3.242643e+04 4.783336e+03 6.393973e+01 1.429763e-06 9.165706e-16 3.253989e-12 4.515533e-07 8.752359e+01 6.192827e-02 4.725230e+00 4.285450e+00
5.600000e+01 2.621905e+04 8.384380e+04 9.452276e+03 6.393870e+01 4.636479e-06 4.349777e-15 3.254177e-12 4.515313e-07 7.975247e+01 6.192258e-02 4.722173e+00 4.578250e-01
5.700000e+01 2.625590e+04 3.919772e+04 6.045482e+03 6.393907e+01 1.154462e-06 3.869740e-16 3.254434e-12 4.516136e-07 9.526621e+01 6.192858e-02 4.725141e+00 8.413643e+00
5.800000e+01 6.346485e+04 1.438923e+05 1.144834e+04 6.393844e+01 3.899242e-07 1.434751e-15 3.254119e-12 4.515773e-07 3.958728e+02 6.192427e-02 4.722932e+00 7.653830e+01
5.900000e+01 6.134775e+04 1.371683e+05 1.161299e+04 6.393830e+01 9.474835e-07 3.869729e-16 3.254433e-12 4.516461e-07 2.362375e+02 6.192875e-02 4.725014e+00 2.017413e+02
6.000000e+01 8.340975e+03 2.442990e+04 2.536805e+03 6.393647e+01 1.948452e-07 1.434748e-15 3.254165e-12 4.515721e-07 1.552887e+01 6.192000e-02 4.717527e+00 2.378412e+00
6.100000e+01 5.292420e+04 1.586612e+05 1.115584e+04 6.393733e+01 6.936425e-07 3.869729e-16 3.253838e-12 4.516460e-07 1.335463e+02 6.192877e-02 4.724820e+00 2.553455e+02
6.200000e+01 3.345549e+04 1.988115e+05 9.922796e+03 6.393647e+01 1.873350e-07 1.434746e-15 3.254165e-12 4.515745e-07 3.258294e+01 6.192402e-02 4.722261e+00 1.112900e+02
6.300000e+01 1.416425e+04 6.422005e+04 5.268417e+03 6.393612e+01 4.524494e-07 3.869722e-16 3.254433e-12 4.516126e-07 7.205453e+00 6.192862e-02 4.724555e+00 1.583722e+01
6.400000e+01 7.195226e+03 6.905474e+04 4.299690e+03 6.393541e+01 1.527503e-06 6.236689e-16 3.253976e-12 4.516675e-07 7.887702e-02 6.192392e-02 4.721398e+00 9.852699e+00
6.500000e+01 8.263787e+03 7.284363e+04 5.117503e+03 6.393477e+01 1.317761e-06 9.165700e-16 3.254599e-12 4.515320e-07 1.032874e-04 6.192369e-02 4.722256e+00 1.479787e-03
6.600000e+01 3.552398e+03 6.354411e+04 2.938959e+03 6.393418e+01 2.654268e-07 6.236655e-16 3.254010e-12 4.515810e-07 9.207645e-06 6.192814e-02 4.724075e+00 4.815496e-05
6.700000e+01 2.867170e+03 7.401065e+04 2.870211e+03 6.393350e+01 2.359718e-07 6.236655e-16 3.253966e-12 4.515694e-07 2.449284e-09 6.192793e-02 4.723899e+00 1.143610e-10
6.800000e+01 2.024319e+03 1.595769e+05 4.652510e+03 6.393272e+01 1.046973e-06 9.165779e-16 3.253987e-12 4.514965e-07 1.744121e-09 6.192406e-02 4.722739e+00 4.655352e-12
6.900000e+01 2.025413e+03 6.624959e+04 2.743642e+03 6.393959e+01 1.041810e-06 2.518581e-15 3.253988e-12 4.516081e-07 2.095878e-11 6.194732e-02 4.750102e+00 6.004669e-15
