long.t Lactobacillus_iners Lactobacillus_crispatus Lactobacillus_jensenii Lactobacillus_gasseri Gardnerella_vaginalis g_Megasphaera g_Gemella g_Parvimonas Atopobium_vaginae Prevotella_bivia g_Dialister
0.000000e+00 6.874466e+01 9.240667e-11 7.973280e-16 3.388585e+01 7.820901e+00 8.040000e+05 1.822039e-15 2.924852e-11 3.266868e+01 3.237079e-14 2.572572e-16
1.000000e+00 2.895928e-05 3.954635e-08 7.390779e-16 8.976119e-06 4.584452e-05 1.339882e-05 4.871260e-16 2.637303e-12 7.409258e-06 3.237079e-14 2.493325e-16
2.000000e+00 2.258876e-05 1.171367e-10 7.881761e-16 8.494882e-06 1.403286e-08 2.692938e-05 1.253482e-15 2.292047e-16 1.191659e-05 3.237079e-14 2.569480e-16
3.000000e+00 4.691744e+06 3.225544e-08 7.343718e-16 5.106680e+05 3.619166e-04 1.624431e+06 4.871260e-16 1.810670e-12 5.800605e+05 3.237079e-14 2.504510e-16
4.000000e+00 2.469718e+01 1.065044e-10 7.835868e-16 1.025145e+01 1.003160e-08 6.717746e+02 1.821971e-15 7.345894e-12 9.216113e+00 3.237079e-14 2.586110e-16
5.000000e+00 1.019138e+04 2.301912e-08 7.332800e-16 2.377886e+03 7.144112e-05 4.642067e+04 1.002091e-15 7.047975e-13 4.565573e+03 3.237079e-14 2.527170e-16
6.000000e+00 2.274966e+01 1.881384e-08 7.336046e-16 9.708188e+00 1.238138e-05 6.598092e+02 1.821611e-15 4.759391e-13 1.872536e+01 3.237079e-14 2.541533e-16
7.000000e+00 1.051902e-01 1.537680e-08 7.338764e-16 6.516192e-02 2.145804e-06 9.378328e+00 2.308214e-15 3.213947e-13 1.233490e-01 3.237079e-14 2.555978e-16
8.000000e+00 8.828633e-04 1.256767e-08 7.340952e-16 6.674412e-04 3.718870e-07 1.333007e-01 2.533516e-15 2.170334e-13 1.216871e-03 3.237079e-14 2.570504e-16
9.000000e+00 1.196047e-05 1.027172e-08 7.342611e-16 9.745020e-06 6.445134e-08 1.894697e-03 2.623709e-15 1.465597e-13 1.685901e-05 3.237079e-14 2.585112e-16
1.000000e+01 2.353224e-07 8.395218e-09 7.343740e-16 1.904503e-07 1.116999e-08 2.693066e-05 2.647241e-15 9.896983e-14 3.090486e-07 3.237079e-14 2.599803e-16
1.100000e+01 6.105804e-09 6.861525e-09 7.344339e-16 4.698648e-09 1.935860e-09 3.827844e-07 2.623709e-15 6.683305e-14 7.090056e-09 3.237079e-14 2.614576e-16
1.200000e+01 1.910038e-10 5.608017e-09 7.344408e-16 1.384924e-10 3.355018e-10 5.440784e-09 2.533516e-15 4.513151e-14 1.931426e-10 3.237079e-14 2.629433e-16
1.300000e+01 6.616220e-12 4.583508e-09 7.343947e-16 4.627648e-12 5.814544e-11 7.733369e-11 2.308214e-15 3.047674e-14 5.941943e-12 3.237079e-14 2.644374e-16
1.400000e+01 2.336593e-13 3.746163e-09 7.342957e-16 1.666503e-13 1.007712e-11 1.099198e-12 1.821611e-15 2.058056e-14 1.966763e-13 3.237079e-14 2.659399e-16
1.500000e+01 7.750050e-15 3.061789e-09 7.341436e-16 6.155701e-15 1.746454e-12 1.562368e-14 1.002091e-15 1.389780e-14 6.679482e-15 3.237079e-14 2.674509e-16
1.600000e+01 6.716741e-14 9.640598e-09 7.770222e-16 4.458743e-14 4.092084e-12 3.260415e-13 1.821971e-15 1.693838e-14 5.169046e-14 3.237079e-14 2.772572e-16
1.700000e+01 2.492080e-16 1.937955e-09 7.355857e-16 2.302582e-16 9.361165e-14 2.220575e-16 4.871260e-16 6.797733e-15 2.297597e-16 3.237079e-14 2.714764e-16
1.800000e+01 3.475426e-16 5.558686e-09 7.792563e-16 2.560799e-16 1.216047e-13 2.220575e-16 1.253481e-15 7.644587e-15 2.539519e-16 3.237079e-14 2.823343e-16
1.900000e+01 2.492061e-16 1.104112e-09 7.406569e-16 2.302550e-16 1.323648e-14 2.220446e-16 4.871253e-16 3.779364e-15 2.297573e-16 3.237079e-14 2.776551e-16
2.000000e+01 3.475401e-16 2.719754e-09 7.857501e-16 2.560764e-16 1.463343e-14 2.220446e-16 1.253480e-15 4.071617e-15 2.539493e-16 3.237079e-14 2.903031e-16
2.100000e+01 2.492061e-16 5.694392e-10 7.494567e-16 2.302550e-16 3.606934e-15 2.220446e-16 4.871253e-16 2.336489e-15 2.297573e-16 3.237079e-14 2.863734e-16
2.200000e+01 3.475401e-16 1.156891e-09 7.966144e-16 2.560764e-16 3.842192e-15 2.220446e-16 1.253480e-15 2.462133e-15 2.539493e-16 3.237079e-14 3.016586e-16
2.300000e+01 2.492061e-16 2.676362e-10 7.621600e-16 2.302550e-16 1.537478e-15 2.220446e-16 4.871253e-16 1.577534e-15 2.297573e-16 3.237079e-14 2.982075e-16
2.400000e+01 3.475401e-16 4.398068e-10 8.120620e-16 2.560764e-16 1.645566e-15 2.220446e-16 1.253480e-15 1.645491e-15 2.539493e-16 3.237079e-14 3.172267e-16
2.500000e+01 2.492061e-16 1.155079e-10 7.790234e-16 2.302550e-16 8.940262e-16 2.220446e-16 4.871253e-16 1.146243e-15 2.297573e-16 3.237079e-14 3.139968e-16
2.600000e+01 3.475400e-16 1.536308e-10 8.324164e-16 2.560763e-16 9.817958e-16 2.220446e-16 1.253479e-15 1.191982e-15 2.539493e-16 3.237079e-14 3.382900e-16
2.700000e+01 2.492061e-16 4.616647e-11 8.003959e-16 2.302549e-16 6.500893e-16 2.220446e-16 4.871245e-16 8.856524e-16 2.297572e-16 3.237079e-14 3.349626e-16
2.800000e+01 2.789176e-16 5.057293e-11 8.581247e-16 2.386418e-16 7.472777e-16 2.220446e-16 7.337727e-16 9.225218e-16 2.376264e-16 3.237079e-14 3.668272e-16
2.900000e+01 4.533580e-16 2.832402e-11 8.738681e-16 2.809218e-16 7.296768e-16 2.220446e-16 9.989195e-16 8.354762e-16 2.773048e-16 3.237079e-14 3.860546e-16
3.000000e+01 4.166463e-16 1.008252e-11 8.437331e-16 2.726420e-16 5.845607e-16 2.220446e-16 9.939990e-16 6.725342e-16 2.695195e-16 3.237079e-14 3.828481e-16
3.100000e+01 6.285491e-16 5.894313e-12 8.610334e-16 3.121045e-16 6.084010e-16 2.220446e-16 1.779032e-15 6.276005e-16 3.062296e-16 3.237079e-14 4.038914e-16
3.200000e+01 7.700911e-16 3.445857e-12 8.786396e-16 3.337620e-16 6.332133e-16 2.220446e-16 2.171839e-15 5.856684e-16 3.262752e-16 3.237079e-14 4.260912e-16
3.300000e+01 7.700911e-16 2.014472e-12 8.965578e-16 3.337620e-16 6.590371e-16 2.220446e-16 2.171839e-15 5.465374e-16 3.262752e-16 3.237079e-14 4.495113e-16
3.400000e+01 6.285492e-16 1.177675e-12 9.147944e-16 3.121046e-16 6.859138e-16 2.220446e-16 1.779033e-15 5.100203e-16 3.062297e-16 3.237079e-14 4.742184e-16
3.500000e+01 4.166464e-16 6.884770e-13 9.333559e-16 2.726421e-16 7.138862e-16 2.220446e-16 9.940008e-16 4.759426e-16 2.695195e-16 3.237079e-14 5.002836e-16
3.600000e+01 8.722878e-16 5.045222e-13 1.011315e-15 3.509565e-16 1.096028e-15 2.220446e-16 1.815195e-15 4.862897e-16 3.424544e-16 3.237079e-14 5.912647e-16
3.700000e+01 2.492064e-16 2.329866e-13 9.745535e-16 2.302551e-16 8.520003e-16 2.220446e-16 4.871260e-16 4.198789e-16 2.297574e-16 3.237079e-14 5.659378e-16
3.800000e+01 3.475407e-16 1.661518e-13 1.060661e-15 2.560766e-16 1.507576e-15 2.220446e-16 1.253482e-15 4.272551e-16 2.539495e-16 3.237079e-14 6.895521e-16
3.900000e+01 2.492063e-16 7.773072e-14 1.023945e-15 2.302550e-16 1.261758e-15 2.220446e-16 4.871259e-16 3.793598e-16 2.297573e-16 3.237079e-14 6.631565e-16
4.000000e+01 5.224797e-16 5.502241e-14 1.120017e-15 2.929586e-16 2.938680e-15 2.220446e-16 1.715802e-15 3.855683e-16 2.883817e-16 3.237079e-14 8.410473e-16
4.100000e+01 3.109288e-16 2.585121e-14 1.082833e-15 2.471410e-16 2.469492e-15 2.220446e-16 8.815915e-16 3.496923e-16 2.455958e-16 3.237079e-14 8.097481e-16
4.200000e+01 3.475401e-16 1.491712e-14 1.115360e-15 2.560764e-16 3.742433e-15 2.220446e-16 1.253480e-15 3.372841e-16 2.539493e-16 3.237079e-14 9.047968e-16
4.300000e+01 3.109288e-16 8.607733e-15 1.148831e-15 2.471410e-16 5.671530e-15 2.220446e-16 8.815915e-16 3.253159e-16 2.455958e-16 3.237079e-14 1.011002e-15
4.400000e+01 5.224797e-16 6.140779e-15 1.266065e-15 2.929586e-16 2.420254e-14 2.220446e-16 1.715802e-15 3.271511e-16 2.883817e-16 3.237079e-14 1.375698e-15
4.500000e+01 2.492063e-16 2.901556e-15 1.223158e-15 2.302550e-16 1.746651e-14 2.220446e-16 4.871259e-16 3.046027e-16 2.297573e-16 3.237079e-14 1.301522e-15
4.600000e+01 3.475403e-16 2.083190e-15 1.356095e-15 2.560765e-16 1.338598e-13 2.220446e-16 1.253481e-15 3.057505e-16 2.539493e-16 3.237079e-14 1.874996e-15
4.700000e+01 2.492061e-16 1.007849e-15 1.311868e-15 2.302550e-16 1.083837e-13 2.220446e-16 4.871253e-16 2.886029e-16 2.297573e-16 3.237079e-14 1.790856e-15
4.800000e+01 3.475401e-16 7.211309e-16 1.464210e-15 2.560764e-16 2.088028e-12 2.220446e-16 1.253480e-15 2.894254e-16 2.539493e-16 3.237079e-14 2.771676e-15
4.900000e+01 2.492061e-16 3.645959e-16 1.417829e-15 2.302550e-16 1.816370e-12 2.220446e-16 4.871253e-16 2.761397e-16 2.297573e-16 3.237079e-14 2.665613e-15
5.000000e+01 3.475401e-16 2.563137e-16 1.594287e-15 2.560764e-16 1.417940e-10 2.220446e-16 1.253480e-15 2.768272e-16 2.539493e-16 3.237079e-14 4.510357e-15
5.100000e+01 2.492061e-16 1.387816e-16 1.544700e-15 2.302550e-16 1.292426e-10 2.220446e-16 4.871253e-16 2.663790e-16 2.297573e-16 3.237079e-14 4.356755e-15
5.200000e+01 3.475401e-16 9.436053e-17 1.751349e-15 2.560764e-16 8.366631e-13 2.220446e-16 1.253480e-15 2.670389e-16 2.539493e-16 3.237079e-14 8.233790e-15
5.300000e+01 2.492061e-16 5.612867e-17 1.697179e-15 2.302550e-16 1.817738e-09 2.220446e-16 4.871253e-16 2.587196e-16 2.297573e-16 3.237079e-14 7.965082e-15
5.400000e+01 3.475401e-16 3.640681e-17 1.941951e-15 2.560764e-16 1.311066e-12 2.220446e-16 1.253480e-15 2.594189e-16 2.539493e-16 3.237079e-14 1.726733e-14
5.500000e+01 2.492061e-16 2.434073e-17 1.881347e-15 2.302550e-16 1.947680e-10 2.220446e-16 4.871253e-16 2.527214e-16 2.297573e-16 3.237079e-14 1.666257e-14
5.600000e+01 3.475401e-16 1.494375e-17 2.174732e-15 2.560764e-16 3.098016e-10 2.220446e-16 1.253480e-15 2.535100e-16 2.539493e-16 3.237079e-14 4.286307e-14
5.700000e+01 2.492061e-16 1.141397e-17 2.105139e-15 2.302550e-16 4.731358e-12 2.220446e-16 4.871253e-16 2.480601e-16 2.297573e-16 3.237079e-14 4.100954e-14
5.800000e+01 3.475401e-16 6.643007e-18 2.461191e-15 2.560764e-16 9.397816e-12 2.220446e-16 1.253480e-15 2.489828e-16 2.539493e-16 3.237079e-14 1.308148e-13
5.900000e+01 2.492061e-16 5.831896e-18 2.379003e-15 2.302550e-16 5.690425e-13 2.220446e-16 4.871253e-16 2.444957e-16 2.297573e-16 3.237079e-14 1.228407e-13
6.000000e+01 3.475401e-16 3.261344e-18 2.816817e-15 2.560764e-16 1.575553e-12 2.220446e-16 1.253499e-15 2.456014e-16 2.539493e-16 3.237079e-14 5.153757e-13
6.100000e+01 2.492061e-16 3.268833e-18 2.716842e-15 2.302550e-16 2.411949e-13 2.220446e-16 4.871416e-16 2.418518e-16 2.297573e-16 3.237079e-14 4.667128e-13
6.200000e+01 3.475400e-16 1.803092e-18 3.262731e-15 2.560763e-16 1.091054e-12 2.220446e-16 2.296849e-12 2.432014e-16 2.539493e-16 3.237079e-14 2.794109e-12
6.300000e+01 2.492061e-16 2.021716e-18 3.137349e-15 2.302549e-16 3.139272e-13 2.220446e-16 9.360818e-09 2.400020e-16 2.297572e-16 3.237079e-14 2.364987e-12
6.400000e+01 2.789171e-16 1.141941e-18 3.828141e-15 2.386416e-16 2.906953e-12 2.220446e-16 6.456076e-07 2.416783e-16 2.376262e-16 3.237079e-14 5.571014e-14
6.500000e+01 2.492181e-16 9.778349e-19 4.141061e-16 2.302550e-16 1.105833e-11 2.220446e-16 9.360156e-09 2.413480e-16 2.297573e-16 3.237079e-14 3.241758e-11
6.600000e+01 6.075767e-10 9.018465e-19 4.095206e-15 2.386419e-16 1.350168e-10 2.220446e-16 6.456793e-07 2.414737e-16 2.376264e-16 3.237079e-14 6.006526e-14
6.700000e+01 1.252613e-06 1.177480e-18 3.536537e-15 2.302555e-16 9.364614e-11 2.220446e-16 4.871767e-16 2.390304e-16 2.297576e-16 3.237079e-14 9.360756e-12
6.800000e+01 2.865284e-15 8.902122e-19 3.994511e-15 6.432127e-16 1.369799e-15 2.220449e-16 1.822126e-15 2.427076e-16 6.267975e-16 3.237079e-14 5.688286e-11
