long.t Lactobacillus_iners Lactobacillus_crispatus Lactobacillus_jensenii Gardnerella_vaginalis g_Megasphaera g_Gemella g_Parvimonas Atopobium_vaginae Prevotella_buccalis g_Dialister g_Mobiluncus
0.000000e+00 1.558105e+04 1.196496e+08 1.152169e-06 7.459314e-12 7.660735e-16 2.280483e-14 4.935166e-15 1.096918e-15 5.442261e-15 4.641470e-15 5.831880e-15
1.000000e+00 1.558123e+04 1.303655e+08 2.527274e-06 4.661318e-12 2.409034e-16 2.280411e-14 3.078745e-16 3.083595e-16 5.442157e-15 3.058137e-16 5.830856e-15
2.000000e+00 1.558108e+04 7.635724e+07 1.028674e-06 7.462835e-12 3.021757e-16 2.280477e-14 7.015377e-16 3.721432e-16 5.442263e-15 6.888715e-16 5.831883e-15
3.000000e+00 1.558128e+04 1.232967e+08 2.527270e-06 4.780841e-12 2.409034e-16 2.280410e-14 3.072700e-16 2.704536e-16 5.442162e-15 3.055323e-16 5.830891e-15
4.000000e+00 1.558112e+04 7.997602e+07 1.075897e-06 7.619178e-12 3.021757e-16 2.280477e-14 7.003418e-16 3.265389e-16 5.442272e-15 6.883221e-16 5.831949e-15
5.000000e+00 1.558126e+04 1.076183e+08 2.527263e-06 4.991945e-12 2.409034e-16 2.280410e-14 3.072692e-16 2.639600e-16 5.442175e-15 3.055321e-16 5.830987e-15
6.000000e+00 1.558108e+04 6.913815e+07 1.095490e-06 7.937038e-12 3.021757e-16 2.280477e-14 7.003402e-16 3.189468e-16 5.442288e-15 6.883217e-16 5.832077e-15
7.000000e+00 1.558119e+04 8.730711e+07 2.527254e-06 5.306876e-12 2.409034e-16 2.280410e-14 3.072692e-16 2.627741e-16 5.442195e-15 3.055321e-16 5.831146e-15
8.000000e+00 1.558098e+04 5.008987e+07 5.148911e-06 8.435834e-12 3.021757e-16 2.280479e-14 7.003402e-16 3.175650e-16 5.442312e-15 6.883217e-16 5.832267e-15
9.000000e+00 1.558105e+04 6.502100e+07 2.527244e-06 5.744594e-12 2.409034e-16 2.280420e-14 3.072692e-16 2.625549e-16 5.442223e-15 3.055321e-16 5.831368e-15
1.000000e+01 1.558082e+04 4.131856e+07 5.148889e-06 9.147775e-12 3.021757e-16 2.280545e-14 7.003676e-16 3.173098e-16 5.442344e-15 6.883279e-16 5.832520e-15
1.100000e+01 1.558084e+04 4.461050e+07 2.527236e-06 6.332757e-12 2.409034e-16 2.280843e-14 3.072830e-16 2.625143e-16 5.442258e-15 3.055352e-16 5.831652e-15
1.200000e+01 1.558051e+04 2.448674e+07 5.148873e-06 1.012147e-11 3.021757e-16 2.280477e-14 7.212005e-16 3.172626e-16 5.442383e-15 6.980699e-16 5.832836e-15
1.300000e+01 1.558051e+04 2.818214e+07 2.527231e-06 7.110750e-12 2.409034e-16 2.280843e-14 3.178395e-16 2.625068e-16 5.442301e-15 3.105311e-16 5.831999e-15
1.400000e+01 1.558004e+04 1.325949e+07 5.148861e-06 1.142772e-11 3.021757e-16 2.280545e-14 2.493807e-06 3.172539e-16 5.442430e-15 2.604533e-06 5.833215e-15
1.500000e+01 1.557997e+04 1.589919e+07 2.527228e-06 8.134247e-12 2.409034e-16 2.280420e-14 3.119833e-05 2.625055e-16 5.442352e-15 3.455808e-05 5.832410e-15
1.600000e+01 1.558068e+04 1.209071e+07 5.148855e-06 1.316838e-11 3.021757e-16 2.280479e-14 4.916499e-06 3.172528e-16 5.440720e-15 5.489203e-06 5.817284e-15
1.700000e+01 1.557963e+04 8.461870e+06 2.527227e-06 9.482076e-12 2.409034e-16 2.280410e-14 6.688099e+06 2.625057e-16 5.442346e-15 9.086902e+06 5.832372e-15
1.800000e+01 1.558066e+04 6.655482e+08 5.148854e-06 1.989346e-12 3.021757e-16 2.280477e-14 2.419482e-06 3.172552e-16 5.442417e-15 2.566941e-06 5.833139e-15
1.900000e+01 1.557992e+04 8.439950e+06 2.527229e-06 1.073543e-11 2.409034e-16 2.280410e-14 7.055067e-05 2.625080e-16 5.442282e-15 8.303351e-05 5.831886e-15
2.000000e+01 1.558004e+04 6.766114e+06 1.063099e-06 1.683136e-11 3.021757e-16 2.280477e-14 5.062738e-06 3.172698e-16 5.442358e-15 5.566891e-06 5.832685e-15
2.100000e+01 1.558042e+04 1.460706e+07 2.527231e-06 1.180761e-11 2.409034e-16 2.280410e-14 3.181858e-16 2.625205e-16 5.442226e-15 3.107048e-16 5.831463e-15
2.200000e+01 1.558044e+04 1.142386e+07 1.109385e-06 2.890190e-12 3.021757e-16 2.280477e-14 7.218824e-16 3.173488e-16 5.442306e-15 6.984081e-16 5.832293e-15
2.300000e+01 1.558074e+04 2.206232e+07 2.527229e-06 1.265955e-11 2.409034e-16 2.280410e-14 3.072835e-16 2.625884e-16 5.442178e-15 3.055354e-16 5.831103e-15
2.400000e+01 1.558068e+04 1.618637e+07 1.168267e-06 1.928586e-11 3.021757e-16 2.280477e-14 7.003685e-16 3.177766e-16 5.442261e-15 6.883281e-16 5.831964e-15
2.500000e+01 1.558093e+04 2.927384e+07 2.527225e-06 1.323251e-11 2.409034e-16 2.280410e-14 3.072692e-16 2.629551e-16 5.442138e-15 3.055321e-16 5.830806e-15
2.600000e+01 1.558083e+04 2.265473e+07 1.081339e-06 2.034261e-11 3.021757e-16 2.280477e-14 7.003412e-16 3.201170e-16 5.442224e-15 6.883220e-16 5.831698e-15
2.700000e+01 1.558101e+04 3.470062e+07 2.527219e-06 1.410684e-11 2.409034e-16 2.280410e-14 3.072697e-16 2.649427e-16 5.442104e-15 3.055322e-16 5.830570e-15
2.800000e+01 1.558087e+04 2.568785e+07 1.101315e-06 2.192208e-11 3.021757e-16 2.280477e-14 7.010937e-16 3.337980e-16 5.442195e-15 6.886692e-16 5.831493e-15
2.900000e+01 1.558101e+04 3.740396e+07 2.527210e-06 1.534018e-11 2.409034e-16 2.280411e-14 3.076500e-16 2.759328e-16 5.442079e-15 3.057100e-16 5.830397e-15
3.000000e+01 1.558086e+04 2.743212e+07 5.148798e-06 4.016610e-12 4.787511e-16 2.280483e-14 2.589857e-15 4.790195e-16 5.442173e-15 2.484320e-15 5.831350e-15
3.100000e+01 1.558092e+04 3.693567e+07 2.527200e-06 1.628110e-11 3.176875e-16 2.280450e-14 7.773359e-16 3.436131e-16 5.442060e-15 7.614462e-16 5.830285e-15
3.200000e+01 1.558087e+04 3.596256e+07 2.527196e-06 1.648832e-11 3.912650e-16 2.280483e-14 1.565470e-15 3.948644e-16 5.442053e-15 1.517799e-15 5.830244e-15
3.300000e+01 1.558082e+04 3.501509e+07 2.527192e-06 1.669817e-11 4.189452e-16 2.280488e-14 1.961661e-15 4.134701e-16 5.442045e-15 1.895467e-15 5.830203e-15
3.400000e+01 1.558077e+04 3.409259e+07 2.527188e-06 1.691070e-11 3.912650e-16 2.280483e-14 1.565470e-15 3.948644e-16 5.442038e-15 1.517799e-15 5.830161e-15
3.500000e+01 1.558072e+04 3.319439e+07 2.527184e-06 1.712593e-11 3.176875e-16 2.280450e-14 7.773359e-16 3.436131e-16 5.442030e-15 7.614462e-16 5.830118e-15
3.600000e+01 1.558049e+04 1.955395e+07 5.148745e-06 2.608052e-11 4.787511e-16 2.280483e-14 2.589857e-15 4.790195e-16 5.442128e-15 2.484320e-15 5.831100e-15
3.700000e+01 1.558055e+04 2.953794e+07 2.527176e-06 1.774298e-11 2.409034e-16 2.280411e-14 3.076500e-16 2.759328e-16 5.442018e-15 3.057100e-16 5.830063e-15
3.800000e+01 1.558023e+04 1.642042e+07 5.148733e-06 2.733898e-11 3.021757e-16 2.280477e-14 7.010937e-16 3.337981e-16 5.442120e-15 6.886692e-16 5.831076e-15
3.900000e+01 1.558021e+04 2.313152e+07 2.527172e-06 1.875819e-11 2.409034e-16 2.280410e-14 3.072697e-16 2.649428e-16 5.442014e-15 3.055322e-16 5.830069e-15
4.000000e+01 1.558104e+04 1.224038e+07 1.013740e-06 2.929535e-11 3.021757e-16 2.280477e-14 7.003412e-16 3.201172e-16 5.442119e-15 6.883219e-16 5.831113e-15
4.100000e+01 1.558012e+04 1.593445e+07 2.527166e-06 2.023907e-11 2.409034e-16 2.280410e-14 3.072692e-16 2.629552e-16 5.442017e-15 3.055321e-16 5.830137e-15
4.200000e+01 1.558000e+04 7.837928e+06 1.071225e-06 5.139853e-12 3.021757e-16 2.280477e-14 7.003402e-16 3.177778e-16 5.442125e-15 6.883217e-16 5.831211e-15
4.300000e+01 1.558024e+04 9.642425e+06 2.527158e-06 2.130702e-11 2.409034e-16 2.280410e-14 3.072692e-16 2.625895e-16 5.442027e-15 3.055321e-16 5.830266e-15
4.400000e+01 1.558004e+04 3.451432e+06 5.148693e-06 3.274984e-11 3.021757e-16 2.280477e-14 7.003402e-16 3.173554e-16 5.442139e-15 6.883217e-16 5.831371e-15
4.500000e+01 1.558014e+04 4.942026e+06 2.527150e-06 2.188907e-11 2.409034e-16 2.280410e-14 3.072692e-16 2.625262e-16 5.442045e-15 3.055321e-16 5.830457e-15
4.600000e+01 1.558107e+04 1.582063e+06 5.148680e-06 3.417506e-11 3.021757e-16 2.280477e-14 7.003402e-16 3.173054e-16 5.442160e-15 6.883217e-16 5.831593e-15
4.700000e+01 1.558026e+04 2.069385e+06 2.527144e-06 2.295554e-11 2.409034e-16 2.280410e-14 3.072692e-16 2.625386e-16 5.442069e-15 3.055321e-16 5.830710e-15
4.800000e+01 1.558023e+04 6.502348e+05 1.040045e-06 3.647442e-11 3.021757e-16 2.280479e-14 7.003402e-16 3.174478e-16 5.442189e-15 6.883217e-16 5.831877e-15
4.900000e+01 1.558061e+04 7.150987e+05 2.527138e-06 2.457766e-11 2.409034e-16 2.280420e-14 3.072692e-16 2.626711e-16 5.442102e-15 3.055321e-16 5.831024e-15
5.000000e+01 1.558050e+04 2.443452e+05 5.148657e-06 3.982259e-11 3.021757e-16 2.280543e-14 7.003402e-16 3.182935e-16 5.442225e-15 6.883217e-16 5.832223e-15
5.100000e+01 1.558076e+04 2.113592e+05 2.527131e-06 2.686826e-11 2.409034e-16 2.280830e-14 3.072692e-16 2.633994e-16 5.442141e-15 3.055321e-16 5.831402e-15
5.200000e+01 1.558052e+04 6.443724e+04 5.148648e-06 4.448784e-11 3.021757e-16 2.280477e-14 7.003402e-16 3.229114e-16 5.442268e-15 6.883217e-16 5.832631e-15
5.300000e+01 1.558072e+04 5.445899e+04 2.527127e-06 2.999535e-11 2.409034e-16 2.280830e-14 3.072692e-16 2.673674e-16 5.442188e-15 3.055321e-16 5.831842e-15
5.400000e+01 1.558039e+04 1.193573e+04 1.027033e-06 5.086980e-11 3.021757e-16 2.280543e-14 7.003402e-16 3.490201e-16 5.442319e-15 6.883217e-16 5.833103e-15
5.500000e+01 1.558048e+04 1.179828e+04 2.527123e-06 3.420343e-11 2.409034e-16 2.280420e-14 3.072692e-16 2.898390e-16 5.442243e-15 3.055321e-16 5.832345e-15
5.600000e+01 1.558136e+04 4.178101e+05 5.148635e-06 5.955939e-11 3.021757e-16 2.280479e-14 7.003525e-16 5.310714e-16 5.442377e-15 6.883244e-16 5.833638e-15
5.700000e+01 1.558050e+04 3.948300e+03 2.527118e-06 3.984639e-11 2.409034e-16 2.280410e-14 3.072754e-16 4.480397e-16 5.442305e-15 3.055334e-16 5.832912e-15
5.800000e+01 1.558048e+04 9.099251e+02 1.064041e-06 8.805459e-12 3.021762e-16 2.280477e-14 7.096365e-16 5.193350e-15 5.442443e-15 6.924954e-16 5.834237e-15
5.900000e+01 1.558080e+04 1.967951e+03 2.527113e-06 4.532654e-11 2.409038e-16 2.280411e-14 3.119738e-16 4.701478e-15 5.442375e-15 3.076710e-16 5.833543e-15
6.000000e+01 1.558074e+04 2.965602e+02 5.148620e-06 7.985877e-11 9.457018e-10 2.280483e-14 1.303027e-10 1.393174e-08 5.442517e-15 7.831870e-11 5.834901e-15
6.100000e+01 1.558096e+04 7.267343e+02 2.527107e-06 5.035713e-11 7.254905e-11 2.280449e-14 2.706430e-11 1.521425e-09 5.442453e-15 1.723978e-11 5.834239e-15
6.200000e+01 1.558101e+04 4.074237e+02 2.527105e-06 5.337098e-11 3.670014e-05 2.280479e-14 5.414766e-06 8.322675e-05 5.442494e-15 2.185558e-06 5.834604e-15
6.300000e+01 1.558108e+04 2.284110e+02 2.527103e-06 5.656523e-11 5.369298e+01 2.280459e-14 6.483567e+00 6.897061e+00 5.442535e-15 1.567222e+00 5.834969e-15
6.400000e+01 1.558095e+04 2.253460e+04 5.148610e-06 7.824547e-12 1.679475e-02 2.280550e-14 1.918781e-03 1.633539e-02 5.442681e-15 3.135142e-04 5.836361e-15
6.500000e+01 1.558117e+04 1.174647e+02 2.527100e-06 6.099713e-11 6.494345e+07 2.280838e-14 2.716452e+07 2.081600e+06 5.442621e-15 1.959135e+06 5.835733e-15
6.600000e+01 1.558108e+04 2.861130e+04 5.148610e-06 7.776722e-12 3.670007e-05 2.280476e-14 5.317756e-06 1.232209e+02 5.441066e-15 2.168268e-06 5.819709e-15
6.700000e+01 1.558120e+04 1.613964e+02 2.527100e-06 6.064355e-11 8.775067e-05 2.280833e-14 1.156693e-04 8.018089e+03 5.442652e-15 2.174010e-05 5.836018e-15
6.800000e+01 1.558108e+04 1.981396e+01 1.058652e-06 1.073737e-10 6.770768e-09 2.280511e-14 5.411720e-09 2.639131e-07 5.442744e-15 1.881131e-09 5.836932e-15
6.900000e+01 1.558101e+04 1.765519e+01 5.148616e-06 1.071563e-10 4.410753e-16 2.280460e-14 1.417817e-15 4.663458e+02 5.442734e-15 1.327473e-15 5.836852e-15
