long.t Lactobacillus_iners Lactobacillus_crispatus Lactobacillus_jensenii Lactobacillus_gasseri Gardnerella_vaginalis g_Megasphaera g_Gemella g_Leptotrichia g_Parvimonas Atopobium_vaginae Prevotella_bivia g_Dialister g_Mobiluncus
0.000000e+00 2.371885e+08 8.460667e+05 9.268871e+05 1.481365e+05 6.173525e+08 8.906813e+07 3.044499e+04 6.178001e-16 1.046237e+07 2.142949e+08 1.086815e-09 1.717993e+05 1.148905e+05
1.000000e+00 9.935897e+08 3.574339e+06 2.928497e+06 2.569673e+05 1.812446e+09 3.048444e+08 3.836504e+07 6.177938e-16 1.403274e+08 7.002638e+08 1.291943e-07 3.040851e+07 1.285881e+06
2.000000e+00 4.333057e+08 1.706819e+06 1.887022e+06 2.056360e+05 1.031171e+09 1.602582e+08 3.116365e+05 6.177901e-16 4.578664e+07 3.636569e+08 1.504881e-09 2.444487e+06 5.151252e+05
3.000000e+00 5.988282e+08 1.791136e+06 1.612198e+06 2.182858e+05 1.149248e+09 1.782499e+08 8.045703e+06 6.177879e-16 6.889690e+07 4.020015e+08 5.858799e-08 1.173733e+07 6.461268e+05
4.000000e+00 5.023037e+08 1.875015e+06 1.491109e+06 1.771250e+05 1.080329e+09 1.472753e+08 9.766522e+06 6.177867e-16 7.794110e+07 3.563936e+08 4.185605e-08 1.119018e+07 4.647303e+05
5.000000e+00 4.436715e+08 1.347969e+06 8.732833e+05 1.358390e+05 8.551587e+08 1.124737e+08 5.703484e+06 6.177861e-16 5.808855e+07 2.730150e+08 9.344570e-10 1.005738e+07 2.287196e+05
6.000000e+00 4.794848e+08 2.350389e+06 1.147059e+06 1.409666e+05 1.043409e+09 1.598692e+08 3.646890e+06 6.177858e-16 1.046436e+08 3.625588e+08 2.292137e-08 3.218044e+07 1.223722e+05
7.000000e+00 4.238412e+08 2.375992e+06 8.977945e+05 1.215711e+05 9.005354e+08 1.095451e+08 9.367153e+06 6.177857e-16 8.057071e+07 3.176097e+08 1.740121e-08 3.731204e+07 7.058270e+04
8.000000e+00 2.800347e+08 1.112538e+06 5.245322e+05 8.005068e+04 6.299639e+08 9.056060e+07 5.442620e+06 6.177860e-16 4.052745e+07 2.268951e+08 1.559313e-08 1.977443e+07 6.648607e+03
9.000000e+00 1.883420e+08 7.032810e+05 2.548672e+05 6.274129e+04 4.834553e+08 6.700496e+07 2.338764e+05 6.177865e-16 2.285605e+07 1.758522e+08 6.176837e-10 2.591800e+06 5.507207e+02
1.000000e+01 4.981395e+08 2.230099e+06 6.871285e+05 8.284639e+04 1.251652e+09 1.485502e+08 3.968387e+07 6.177875e-16 1.126163e+08 4.303893e+08 1.282631e-08 5.761434e+07 7.521428e+05
1.100000e+01 1.213273e+08 3.796277e+05 1.600447e+05 4.053801e+04 4.048785e+08 5.969241e+07 1.105654e+05 6.177893e-16 1.583684e+07 1.522145e+08 5.249835e-10 7.974668e+05 1.379245e+02
1.200000e+01 9.943601e+07 3.844926e+05 9.618308e+04 2.883364e+04 3.444395e+08 4.969802e+07 5.291751e+06 6.177924e-16 1.252315e+07 1.290450e+08 8.082437e-09 4.813721e+05 1.938572e+02
1.300000e+01 1.082606e+08 4.330589e+05 7.206098e+04 2.125320e+04 3.865268e+08 5.282226e+07 6.679466e+05 6.177978e-16 1.369442e+07 1.400007e+08 6.503984e-09 4.002744e+03 1.473771e+02
1.400000e+01 8.118255e+07 2.770945e+05 4.751715e+04 1.851498e+04 3.224707e+08 4.373448e+07 2.984406e+05 6.177961e-16 9.878275e+06 1.179210e+08 2.111205e-09 2.938743e+02 2.676822e+02
1.500000e+01 6.594976e+07 2.101995e+05 2.502001e+04 1.270638e+04 2.751445e+08 3.749616e+07 4.342737e+04 6.177996e-16 6.894241e+06 9.948640e+07 1.949657e-09 3.219669e-01 7.985202e+01
1.600000e+01 5.318014e+07 1.580661e+05 1.317421e+04 8.720081e+03 2.345360e+08 3.214768e+07 8.774593e+03 6.177983e-16 4.858954e+06 8.393368e+07 1.800470e-09 2.594041e-04 2.397920e+01
1.700000e+01 1.680226e+08 4.308267e+05 7.209342e+03 5.419116e+03 5.742260e+08 5.949663e+07 1.643780e+06 6.178028e-16 3.180333e+07 1.748226e+08 4.752776e-09 3.968640e+06 2.724547e+05
1.800000e+01 4.216715e+07 1.232652e+05 8.171262e+02 2.935697e+03 1.724291e+08 2.208534e+07 2.296037e+04 6.178017e-16 3.115548e+06 5.581786e+07 1.775635e-10 3.982341e-05 6.441185e+00
1.900000e+01 6.175519e+07 2.219619e+05 1.012755e+03 2.603121e+03 2.339525e+08 2.627266e+07 5.581495e+06 6.177948e-16 8.941346e+06 7.036058e+07 1.383087e-09 1.529078e+04 6.134594e+02
2.000000e+01 6.785486e+07 2.193144e+05 2.302151e+01 1.031012e+03 1.887623e+08 1.936798e+07 2.034095e+06 6.178036e-16 6.276486e+06 4.974533e+07 3.037973e-09 1.214359e+04 4.652740e+02
2.100000e+01 7.901703e+07 2.815800e+05 2.641876e+01 1.001589e+03 2.382123e+08 2.280942e+07 7.403987e+06 6.177961e-16 1.277978e+07 6.176061e+07 9.766982e-10 2.760400e+06 8.445171e+03
2.200000e+01 7.586232e+07 3.147567e+05 2.475734e-02 3.432906e+02 1.757774e+08 1.489858e+07 1.105669e+06 6.178047e-16 7.188398e+06 4.045338e+07 2.416377e-09 1.387668e+06 3.682097e+03
2.300000e+01 9.252334e+07 3.204186e+05 3.720025e-02 3.291946e+02 2.102956e+08 1.767206e+07 6.541482e+06 6.177974e-16 1.098535e+07 4.734284e+07 8.957522e-10 7.254164e+06 3.062732e+04
2.400000e+01 9.680300e+07 3.429745e+05 5.477045e-04 1.809674e+02 1.902811e+08 1.506871e+07 7.205620e+06 6.177956e-16 9.089716e+06 4.005511e+07 9.153352e-10 9.999708e+06 4.288715e+04
2.500000e+01 6.666488e+07 1.682610e+05 1.637319e-02 4.827565e+01 1.130756e+08 7.904164e+06 1.500111e+06 6.177989e-16 2.877489e+06 2.083969e+07 2.545254e-09 4.378107e+06 1.498160e+04
2.600000e+01 6.824808e+07 1.638784e+05 3.813916e-09 2.478493e+01 1.077760e+08 6.562022e+06 1.099099e+07 6.177954e-16 2.416255e+06 1.948158e+07 2.969336e-09 4.917925e+06 1.367656e+04
2.700000e+01 4.079523e+07 3.172289e+04 1.280445e-05 4.563433e+02 7.120194e+07 4.215050e+06 6.072001e+04 6.177950e-16 6.005002e+05 1.436676e+07 1.638277e-10 2.087359e+05 6.299496e+03
2.800000e+01 1.415893e+08 1.401118e+05 3.077007e-06 3.273547e+02 1.660026e+08 7.315546e+06 5.573720e+05 6.177977e-16 1.291881e+06 2.759676e+07 2.866290e-10 7.851455e+05 6.238774e+03
2.900000e+01 4.361289e+07 1.339849e+04 4.792624e-08 1.751497e+01 5.899759e+07 3.187195e+06 2.401291e+03 6.177933e-16 1.669369e+05 9.982414e+06 1.166616e-09 1.220036e+04 1.569203e+03
3.000000e+01 1.367145e+08 9.985200e+04 3.006148e-04 1.657944e+01 1.307026e+08 3.429187e+06 1.561768e+04 6.178041e-16 1.525109e+05 1.801423e+07 2.625654e-09 9.213699e+04 3.033177e+02
3.100000e+01 5.819811e+07 2.169528e+04 1.237049e-05 2.208455e+01 5.378686e+07 1.713899e+06 2.554036e+04 6.177988e-16 4.514289e+04 7.660488e+06 8.689936e-10 2.497512e+04 1.045097e+02
3.200000e+01 8.076426e+07 5.077359e+04 9.194316e-04 2.445959e+01 5.768435e+07 1.308309e+06 2.339447e+05 6.177996e-16 2.739073e+04 7.298084e+06 8.005262e-10 1.153175e+05 2.558799e+01
3.300000e+01 1.408287e+08 7.814246e+04 2.994418e-04 1.455016e+01 4.839917e+07 6.839717e+05 7.597184e+04 6.178065e-16 8.694578e+02 5.281479e+06 2.046949e-09 5.454043e+04 7.415509e-02
3.400000e+01 1.641105e+08 2.190484e+05 6.417185e-01 2.739920e+01 6.187625e+07 7.113323e+05 2.367684e+06 6.177979e-16 3.181703e+03 6.270206e+06 7.723412e-10 6.666324e+05 3.425041e-01
3.500000e+01 2.268258e+08 3.869612e+05 1.144427e-01 1.308220e+01 4.852630e+07 4.264807e+05 4.898832e+05 6.178061e-16 3.116424e+01 4.745372e+06 2.253771e-09 1.978249e+04 5.156714e-05
3.600000e+01 3.458988e+08 7.263847e+05 1.220714e+01 2.511488e+01 5.817555e+07 3.496916e+05 1.286998e+06 6.177987e-16 3.528276e+01 4.924701e+06 9.638676e-10 6.003751e+04 1.346346e-04
3.700000e+01 3.286264e+08 8.069319e+05 3.642946e-01 9.751853e+00 5.778571e+07 2.107084e+05 3.725776e+01 6.178082e-16 1.772865e-02 4.947265e+06 3.262110e-09 7.576075e-01 1.243184e-03
3.800000e+01 6.281931e+08 1.844683e+06 1.106803e+01 1.821858e+01 5.152041e+07 1.625234e+05 4.885003e+01 6.178028e-16 2.015027e-02 3.842036e+06 1.561867e-09 8.145317e-01 6.965982e-08
3.900000e+01 7.959729e+08 2.619490e+06 4.953931e+00 1.458253e+01 4.853393e+07 1.094387e+05 1.238997e-03 6.178045e-16 1.959308e-04 3.441640e+06 2.123915e-09 1.089821e-04 4.955642e-09
4.000000e+01 1.009369e+09 3.710125e+06 2.217326e+00 1.167215e+01 4.553268e+07 7.369292e+04 3.737432e-09 6.178030e-16 1.857558e-06 3.082971e+06 2.888221e-09 8.021908e-09 3.469549e-10
4.100000e+01 1.422230e+09 1.727100e+07 1.295955e-02 4.787842e+00 7.727152e+07 4.360786e+04 1.904554e-05 6.178087e-16 2.092217e-05 3.976090e+06 1.142901e-08 4.085733e-07 7.350968e-10
4.200000e+01 1.687862e+09 1.331626e+07 8.222419e-02 6.736435e+00 4.611387e+07 3.257727e+04 4.171217e-15 6.177996e-16 2.579426e-09 2.674484e+06 6.159401e-09 4.988853e-14 5.380893e-12
4.300000e+01 3.537727e+09 1.435379e+08 4.732539e-05 2.291422e+00 7.773436e+07 1.764167e+04 5.447917e-14 6.178078e-16 2.805374e-08 3.124384e+06 2.805517e-08 7.301323e-14 9.103354e-12
4.400000e+01 2.545890e+09 1.213471e+08 4.275540e-02 4.154133e+01 7.220514e+07 7.992394e+03 3.772411e-05 6.178118e-16 2.402681e-08 2.449643e+06 5.149331e-08 9.647259e-15 3.424704e-12
4.500000e+01 4.463779e+09 1.252045e+09 3.012147e-08 1.255917e+00 1.061888e+08 5.063711e+03 1.222535e-03 6.178241e-16 2.431376e-12 2.797995e+06 1.119274e-07 2.571337e-14 3.803987e-12
4.600000e+01 2.023628e+09 2.853887e+08 1.465973e-05 6.694081e-01 6.187943e+07 1.156863e+03 2.993318e+05 6.178482e-16 2.025616e-08 1.349204e+06 2.898924e-07 3.715786e-12 1.181138e-11
4.700000e+01 5.280334e+09 1.984880e+09 1.376488e-06 7.462180e-01 1.758622e+08 9.711847e+02 5.493833e+07 6.178916e-16 1.646662e-08 2.490904e+06 5.749752e-08 5.283651e-05 1.079569e-14
4.800000e+01 4.223293e+09 9.890625e+08 3.116630e-11 4.082498e-01 1.397404e+08 1.701759e+04 1.695083e+05 6.179672e-16 1.515006e-12 1.928167e+06 2.186438e-06 1.408671e-05 1.048122e-11
4.900000e+01 4.707604e+09 1.156844e+09 3.880460e-08 2.230065e-01 2.113931e+08 2.550768e+02 4.082265e+06 6.180983e-16 4.945735e-09 2.111737e+06 6.482718e-06 3.185440e+02 2.948816e-12
5.000000e+01 3.009505e+09 3.434033e+08 6.642354e-09 7.236803e-02 1.969611e+08 1.485919e+02 2.136201e-05 6.177853e-16 1.489402e-09 1.508950e+06 1.402925e-06 2.545538e+02 2.182404e-12
5.100000e+01 3.027147e+09 4.778520e+08 1.483949e-13 5.833342e-01 2.725061e+08 1.045550e+02 9.084447e-05 6.180982e-16 4.965722e-09 1.573866e+06 4.434389e-06 5.024820e-02 4.107466e-12
5.200000e+01 2.763108e+09 4.566809e+08 5.838058e-11 2.934546e-01 3.498742e+08 4.753366e+01 4.171412e-15 6.179670e-16 2.219279e-07 1.413589e+06 9.987260e-06 6.835347e+05 2.102437e-11
5.300000e+01 2.439708e+09 3.725027e+08 1.469870e-12 8.940425e-03 3.673707e+08 1.917908e+01 3.272810e-05 6.178911e-16 2.094392e-09 1.404015e+06 1.870660e-05 8.705856e-02 3.488871e-10
5.400000e+01 2.395737e+09 3.020152e+08 1.385424e-13 1.432651e-01 3.969600e+08 4.056517e+02 1.651988e-05 6.178474e-16 1.665558e-03 1.322956e+06 2.587062e-05 4.817540e+03 2.549914e-08
5.500000e+01 2.578281e+09 2.785048e+08 3.437239e-14 5.095678e-03 5.153231e+08 5.778392e+00 1.313685e+05 6.178226e-16 1.005875e-05 1.401069e+06 3.610033e-05 1.062143e+05 1.079496e-09
5.600000e+01 2.665434e+09 2.945008e+08 1.833031e-14 3.790267e-03 5.867375e+08 3.226618e+00 7.111422e+04 6.178093e-16 1.339517e-04 1.318323e+06 3.579811e-05 2.908534e+05 1.760175e-08
5.700000e+01 2.843049e+09 3.174623e+08 1.952652e-14 2.059872e-03 6.665609e+08 1.672071e+00 1.207415e+05 6.178035e-16 3.245963e+01 1.527683e+06 6.064999e-04 4.004291e+05 2.347407e-04
5.800000e+01 2.806290e+09 2.799979e+08 1.288303e-14 3.699943e-03 7.799886e+08 1.878731e+00 2.559047e+05 6.177922e-16 6.128239e-01 1.415872e+06 1.181182e-04 3.350116e+05 1.556571e-05
5.900000e+01 2.742178e+09 3.447936e+08 7.536537e-14 1.919312e-02 8.365272e+08 2.220633e-01 5.442300e+04 6.177959e-16 4.717161e+00 1.409342e+06 8.183548e-04 8.901236e+05 1.070377e-06
6.000000e+01 4.208236e+09 8.350828e+08 3.234393e-13 2.651637e-04 1.155374e+09 6.496843e-02 6.759160e+06 6.177920e-16 3.478955e+02 1.789383e+06 3.743143e-05 3.770519e+06 2.729283e-02
6.100000e+01 1.516713e+09 1.322873e+08 4.332258e-12 9.046993e-03 6.184824e+08 2.180348e+00 7.986524e+04 6.177902e-16 1.242227e+03 8.846518e+05 2.448452e-05 1.172518e+06 6.867917e-06
6.200000e+01 4.151791e+09 5.327975e+08 2.812105e-10 8.381847e-03 1.428374e+09 1.261792e+00 6.138978e+06 6.177899e-16 2.008812e+04 1.835461e+06 1.556490e-03 1.226924e+07 2.591631e-05
6.300000e+01 3.181848e+09 2.821672e+08 2.029706e-07 9.491934e-05 1.160760e+09 4.360037e-03 8.140064e+05 6.177912e-16 3.927694e+04 1.728899e+06 3.254903e-05 4.496313e+06 1.323591e-06
6.400000e+01 2.021201e+09 9.046829e+07 3.570825e-10 1.370184e-02 9.271617e+08 1.860186e+00 7.668282e+05 6.177944e-16 3.148500e+04 1.269068e+06 2.340407e-03 2.223888e+06 1.077939e-03
6.500000e+01 2.898099e+09 1.739026e+08 3.354726e-09 7.845454e-05 1.265205e+09 2.559201e-03 9.051090e+05 6.178005e-16 8.360511e+04 2.016427e+06 2.879892e-05 1.474982e+06 5.333236e-04
