long.t Lactobacillus_iners Lactobacillus_crispatus Lactobacillus_jensenii Lactobacillus_gasseri Gardnerella_vaginalis g_Megasphaera g_Gemella g_Parvimonas Atopobium_vaginae g_Dialister g_Mobiluncus
0.000000e+00 2.220446e-16 3.359555e+09 1.766112e+08 2.372157e-16 2.457985e-07 8.960868e-16 9.794520e-14 1.609672e-11 2.192579e-11 1.497725e-15 2.307288e-16
1.000000e+00 2.220446e-16 3.320301e+09 1.971375e+08 2.329891e-16 1.520429e-05 7.316818e-16 1.139300e-12 5.664129e-11 2.498348e-11 9.886909e-16 2.285427e-16
2.000000e+00 2.220446e-16 4.032374e+09 2.327819e+08 2.379348e-16 3.798220e-07 9.016960e-16 6.972830e-13 7.694020e-11 2.474441e-11 1.129021e-15 2.309991e-16
3.000000e+00 2.220446e-16 3.374858e+09 1.973706e+08 2.355651e-16 6.179500e-06 7.710184e-16 1.866445e-13 4.781724e-11 2.254306e-11 8.317649e-16 2.296853e-16
4.000000e+00 2.220446e-16 3.725357e+09 2.371592e+08 2.418739e-16 6.545086e-05 9.539411e-16 1.871581e-13 6.959297e-11 2.300586e-11 9.474627e-16 2.326210e-16
5.000000e+00 2.220446e-16 3.505320e+09 2.166576e+08 2.403813e-16 2.501357e-06 8.428552e-16 8.329936e-14 4.731909e-11 2.148039e-11 7.442912e-16 2.317585e-16
6.000000e+00 2.220446e-16 2.900625e+09 1.329106e+08 2.493580e-16 2.462856e-05 1.058804e-15 1.066969e-13 7.428814e-11 2.236528e-11 8.526617e-16 2.356312e-16
7.000000e+00 2.220446e-16 3.595187e+09 2.089266e+08 2.483589e-16 1.730655e-06 9.583585e-16 6.092724e-14 5.487097e-11 2.126073e-11 6.975088e-16 2.350370e-16
8.000000e+00 2.220446e-16 3.767870e+09 3.119123e+08 2.618313e-16 1.068124e-07 1.234162e-15 9.048187e-14 9.371575e-11 2.251600e-11 8.071254e-16 2.403907e-16
9.000000e+00 2.220446e-16 3.631550e+09 1.994630e+08 2.611353e-16 1.156002e-06 1.137719e-15 5.997405e-14 7.491531e-11 2.178191e-11 6.783980e-16 2.399694e-16
1.000000e+01 2.220446e-16 3.340710e+09 2.267320e+08 2.821238e-16 7.292103e-06 1.515826e-15 1.028464e-13 2.679779e-11 2.352792e-11 7.960895e-16 2.475691e-16
1.100000e+01 2.220446e-16 3.649186e+09 2.299813e+08 2.816211e-16 7.385173e-07 1.417331e-15 7.866532e-14 9.159145e-11 2.329101e-11 6.821234e-16 2.472639e-16
1.200000e+01 2.220446e-16 3.739053e+09 3.472078e+08 3.155958e-16 5.361516e-06 1.972424e-15 1.698429e-13 1.414778e-10 2.590434e-11 8.160196e-16 2.582667e-16
1.300000e+01 2.220446e-16 3.642569e+09 3.029731e+08 3.152158e-16 7.839781e-07 1.864885e-15 1.631128e-13 1.009257e-10 2.659451e-11 7.096055e-16 2.580406e-16
1.400000e+01 2.220446e-16 3.812560e+09 3.842173e+08 3.729997e-16 6.548041e-08 2.739402e-15 5.589373e-13 3.313233e-11 2.396414e-11 8.720319e-16 2.742854e-16
1.500000e+01 2.220446e-16 3.665732e+09 4.524975e+08 3.726905e-16 7.690670e-07 2.612717e-15 8.463986e-13 1.005901e-10 2.917951e-11 7.679655e-16 2.741119e-16
1.600000e+01 2.220446e-16 3.715216e+09 3.789093e+08 4.781117e-16 4.148148e-08 4.099898e-15 5.753946e-14 2.653538e-11 2.418136e-11 9.804702e-16 2.986699e-16
1.700000e+01 2.220446e-16 3.711566e+09 6.024142e+08 4.778172e-16 3.802840e-07 3.936512e-15 8.403487e-13 6.802835e-11 2.724921e-11 8.742378e-16 2.985256e-16
1.800000e+01 2.220447e-16 4.194705e+09 6.350368e+08 6.910120e-16 1.404148e-06 6.691821e-15 5.497073e-13 7.621821e-11 2.691085e-11 1.178975e-15 3.368371e-16
1.900000e+01 2.220447e-16 3.814072e+09 6.982706e+08 6.905976e-16 1.679101e-07 6.455953e-15 1.589203e-13 4.092304e-11 2.460206e-11 1.065957e-15 3.366892e-16
2.000000e+01 2.220467e-16 3.248687e+09 4.882788e+08 1.193137e-15 7.362096e-07 1.208802e-14 1.625659e-13 4.894273e-11 2.539803e-11 1.555792e-15 3.991151e-16
2.100000e+01 2.220467e-16 3.887769e+09 6.949188e+08 1.191941e-15 1.190384e-07 1.169434e-14 7.398738e-14 2.871260e-11 2.416708e-11 1.431182e-15 3.988837e-16
2.200000e+01 2.220817e-16 3.538085e+09 6.359910e+08 2.682616e-15 6.482958e-07 2.460382e-14 9.319833e-14 3.660814e-11 2.592477e-11 2.342585e-15 5.070358e-16
2.300000e+01 2.220817e-16 3.832825e+09 5.960211e+08 2.675589e-15 1.344249e-07 2.381045e-14 5.239006e-14 2.323038e-11 2.567236e-11 2.204755e-15 5.064476e-16
2.400000e+01 2.226877e-16 3.479790e+09 7.388136e+08 8.936276e-15 1.047602e-08 5.767490e-14 7.295968e-14 3.160007e-11 2.223187e-11 4.264412e-15 7.109129e-16
2.500000e+01 2.226877e-16 3.697889e+09 5.612593e+08 8.864167e-15 1.333947e-07 5.564729e-14 4.539657e-14 2.152589e-11 2.588556e-11 4.139411e-15 7.088432e-16
2.600000e+01 2.334546e-16 3.015536e+09 4.221092e+08 5.365449e-14 6.471554e-07 1.599189e-13 6.685824e-14 3.133347e-11 2.637757e-11 1.022485e-14 1.147079e-15
2.700000e+01 2.334545e-16 3.454426e+09 5.274369e+08 5.227171e-14 1.163020e-07 1.530661e-13 4.398284e-14 2.278886e-11 2.484429e-11 1.034253e-14 1.138027e-15
2.800000e+01 5.294171e-16 3.238491e+09 3.961637e+08 7.885075e-13 7.344942e-07 5.419463e-13 6.793654e-14 3.568623e-11 2.644917e-11 3.670627e-14 2.265788e-15
2.900000e+01 5.290777e-16 3.149346e+09 4.198585e+08 7.241425e-13 1.614298e-07 5.105446e-13 4.670620e-14 2.761449e-11 2.603059e-11 3.907974e-14 2.216379e-15
3.000000e+01 5.502135e-08 2.659909e+09 1.684971e+08 4.704496e-11 1.066690e-08 1.107334e-14 7.764881e-14 8.093339e-12 2.215707e-11 2.401489e-13 6.027919e-15
3.100000e+01 7.589740e-10 2.823665e+09 2.486274e+08 3.554981e-11 1.932050e-07 9.961559e-13 5.645886e-14 2.863224e-11 2.582818e-11 2.688560e-13 5.665561e-15
3.200000e+01 5.023478e-04 2.654560e+09 1.705266e+08 3.633731e-10 1.746822e-07 1.010072e-12 6.110715e-14 2.608333e-11 2.453409e-11 8.603202e-13 9.807794e-15
3.300000e+01 3.324927e+02 2.495582e+09 1.169594e+08 3.714227e-09 1.579352e-07 1.024182e-12 5.867362e-14 2.380258e-11 2.339045e-11 2.874841e-12 1.697852e-14
3.400000e+01 7.460936e-01 1.998193e+09 5.078164e+07 3.484650e-12 9.346019e-07 2.521693e-12 8.330039e-14 3.202511e-11 2.363240e-11 9.771899e-15 8.637825e-14
3.500000e+01 5.063956e+08 5.104118e+09 5.610854e+08 2.339795e-06 2.142782e-08 2.949098e-12 8.959443e-14 3.123988e-11 2.320140e-11 2.155656e-11 2.361592e-13
3.600000e+01 1.141530e+01 1.840623e+09 4.869747e+07 5.039545e-12 9.945977e-07 4.041338e-12 1.307892e-13 3.270297e-11 2.343580e-11 1.675010e-11 1.093941e-12
3.700000e+01 1.755996e+04 2.201959e+09 7.762386e+07 1.004843e-08 1.629033e-07 2.309788e-12 1.437329e-13 2.463976e-11 2.298750e-11 4.262524e-12 1.072206e-12
3.800000e+01 2.305393e+00 2.198013e+09 9.536098e+07 1.735758e-09 1.830054e-07 3.431133e-12 2.702356e-13 2.747894e-11 2.386028e-11 5.905313e-12 5.223677e-12
3.900000e+01 3.026679e-04 2.194075e+09 1.171510e+08 2.998336e-10 2.055880e-07 5.096864e-12 5.358877e-13 3.070678e-11 2.480035e-11 8.691158e-12 2.544923e-11
4.000000e+01 3.973633e-08 2.190143e+09 1.439202e+08 5.179306e-11 2.309574e-07 7.571265e-12 1.213835e-12 3.440244e-11 2.589512e-11 1.363530e-11 1.239861e-10
4.100000e+01 5.216861e-12 2.186219e+09 1.768060e+08 8.946704e-12 2.594573e-07 1.124693e-11 3.454079e-12 3.866527e-11 2.725820e-11 2.289521e-11 6.040475e-10
4.200000e+01 1.267339e-06 1.758340e+09 1.432413e+08 3.388360e-11 7.245497e-09 1.137589e-13 1.890266e-13 9.730912e-12 2.326832e-11 1.359288e-14 9.887940e-14
4.300000e+01 5.211551e-16 2.129032e+09 2.424510e+08 5.332346e-13 2.153948e-07 1.326267e-11 4.641474e-12 3.872422e-11 2.770178e-11 1.000921e-11 1.714753e-09
4.400000e+01 3.965548e-16 2.077063e+09 2.706295e+08 1.839848e-13 1.591734e-07 1.052841e-11 2.268526e-12 3.450770e-11 2.678028e-11 2.586885e-12 9.991568e-10
4.500000e+01 3.017446e-16 2.026362e+09 3.020832e+08 6.348130e-14 1.176267e-07 8.357850e-12 1.498066e-12 3.084842e-11 2.617225e-11 7.050543e-13 5.821914e-10
4.600000e+01 3.293858e-16 1.787557e+09 1.664686e+08 8.766025e-14 3.311026e-09 2.143764e-11 3.007203e-12 4.141281e-11 2.738194e-11 6.951071e-13 1.276368e-08
4.700000e+01 2.260099e-16 1.907850e+09 3.113793e+08 1.082179e-14 4.400677e-08 6.131388e-12 2.534054e-12 2.654092e-11 2.654700e-11 8.342431e-14 4.585779e-10
4.800000e+01 2.260162e-16 1.727321e+09 1.803135e+08 1.309671e-14 6.266286e-10 5.513192e-14 1.321721e-13 6.080992e-12 2.223272e-11 8.655474e-14 8.193459e-14
4.900000e+01 2.222719e-16 1.764622e+09 2.320012e+08 3.387784e-15 7.423102e-09 2.841411e-12 1.620535e-12 1.937689e-11 2.562411e-11 1.997972e-14 9.299432e-11
5.000000e+01 2.223443e-16 1.367032e+09 1.151662e+08 4.120673e-15 1.235031e-08 3.795140e-12 1.061655e-12 2.148869e-11 2.542735e-11 2.281243e-14 2.036261e-10
5.100000e+01 2.220639e-16 1.584004e+09 1.316848e+08 1.624110e-15 9.944166e-10 8.131455e-13 2.956348e-13 1.188351e-11 2.325371e-11 7.933211e-15 4.020565e-12
5.200000e+01 2.220577e-16 1.483586e+09 9.263875e+07 1.228819e-15 3.998191e-10 4.640445e-13 1.883961e-13 9.575535e-12 2.253689e-11 5.556700e-15 1.158750e-12
5.300000e+01 2.220515e-16 1.389534e+09 6.517029e+07 9.297376e-16 1.607528e-10 2.648202e-13 1.214218e-13 7.689130e-12 2.176999e-11 3.886057e-15 3.339582e-13
5.400000e+01 2.220535e-16 1.264418e+09 6.313110e+07 9.676920e-16 2.247595e-10 3.108009e-13 1.338805e-13 8.682114e-12 2.214997e-11 4.168778e-15 3.958408e-13
5.500000e+01 2.220450e-16 1.215164e+09 3.542093e+07 5.824583e-16 3.006257e-11 9.495378e-14 6.409816e-14 5.176107e-12 2.055732e-11 2.125668e-15 3.971398e-14
5.600000e+01 2.220450e-16 1.121619e+09 2.750072e+07 5.877754e-16 4.164034e-11 1.099108e-13 8.233690e-14 6.025807e-12 2.119157e-11 2.299652e-15 4.173367e-14
5.700000e+01 2.220446e-16 1.058076e+09 2.117612e+07 4.242961e-16 7.391768e-12 4.070772e-14 4.701711e-14 3.802657e-12 1.986397e-11 1.409870e-15 8.718551e-15
5.800000e+01 2.220446e-16 1.197508e+09 2.071231e+07 4.236413e-16 1.037515e-11 4.717818e-14 6.435235e-14 4.557666e-12 2.061330e-11 1.547252e-15 8.746977e-15
5.900000e+01 2.220446e-16 9.391776e+08 1.371304e+07 3.420223e-16 2.313203e-12 2.035146e-14 3.942282e-14 3.018726e-12 1.941185e-11 1.070689e-15 2.953651e-15
6.000000e+01 2.220446e-16 7.572826e+08 7.109220e+06 3.397339e-16 3.352942e-12 2.388610e-14 5.434437e-14 3.721868e-12 2.019327e-11 1.190579e-15 2.898901e-15
6.100000e+01 2.220446e-16 8.365161e+08 8.128363e+06 2.949719e-16 8.968843e-13 1.162487e-14 3.381638e-14 2.570334e-12 1.903504e-11 8.959043e-16 1.358698e-15
6.200000e+01 2.220446e-16 8.896715e+08 7.795893e+06 2.917350e-16 1.366926e-12 1.395673e-14 4.421628e-14 3.259517e-12 1.978183e-11 1.005769e-15 1.313095e-15
6.300000e+01 2.220446e-16 7.543376e+08 3.803433e+06 2.767883e-16 9.742689e-13 1.140101e-14 4.175545e-14 3.172261e-12 1.969971e-11 9.719364e-16 9.914781e-16
6.400000e+01 2.220446e-16 8.569004e+08 4.229325e+06 2.679173e-16 7.757887e-13 9.953476e-15 4.595455e-14 3.229642e-12 1.990448e-11 1.001074e-15 8.293308e-16
6.500000e+01 2.220446e-16 6.800885e+08 2.704213e+06 2.539793e-16 2.812793e-13 5.898616e-15 3.649625e-14 2.508475e-12 1.928036e-11 8.802794e-16 5.953236e-16
6.600000e+01 2.220446e-16 7.597617e+08 3.113974e+06 2.589327e-16 6.097866e-13 8.617400e-15 6.261849e-14 3.621204e-12 2.061488e-11 1.179178e-15 6.864642e-16
6.700000e+01 2.220446e-16 6.420660e+08 1.905893e+06 2.477008e-16 2.214891e-13 5.136053e-15 4.817853e-14 2.872923e-12 2.000272e-11 1.031133e-15 5.143507e-16
6.800000e+01 2.220446e-16 8.768908e+08 3.418835e+06 2.573250e-16 5.953987e-13 8.482612e-15 9.061750e-14 4.356729e-12 2.150288e-11 1.550935e-15 6.650431e-16
