long.t Lactobacillus_iners Lactobacillus_crispatus Lactobacillus_jensenii Lactobacillus_gasseri Gardnerella_vaginalis g_Megasphaera g_Gemella g_Leptotrichia g_Parvimonas Atopobium_vaginae Prevotella_buccalis Prevotella_bivia g_Dialister g_Mobiluncus
0.000000e+00 6.738180e+07 2.509245e+03 6.847131e+04 2.862451e-06 2.000215e+06 1.977074e+02 1.247809e+01 8.938810e-14 1.882398e+02 1.297873e+05 9.532656e-11 3.675238e+02 7.572391e-03 8.256644e-03
1.000000e+00 1.431387e+08 2.509352e+03 1.325015e+05 3.316766e-06 3.133691e+06 2.965439e+03 1.255843e+01 8.938811e-14 3.424509e+02 2.403600e+05 9.544550e-11 1.099590e+03 1.197631e-03 9.844567e-02
2.000000e+00 1.870692e+08 2.509289e+03 4.950355e+04 2.891526e-06 2.650655e+06 1.973430e+03 1.249680e+01 8.938991e-14 1.758257e+02 2.658723e+05 9.547218e-11 6.902940e+02 1.292673e+02 6.153767e-03
3.000000e+00 1.723316e+08 2.509296e+03 2.890533e+04 2.881384e-06 1.482365e+06 3.058719e+03 1.247032e+01 8.938620e-14 1.411077e+02 1.045718e+05 9.544855e-11 5.220415e+02 5.332734e-04 2.469868e-03
4.000000e+00 3.366825e+08 2.509305e+03 1.715566e+04 2.879166e-06 1.576395e+06 4.969550e+03 1.249022e+01 8.938962e-14 1.309149e+02 2.264237e+05 9.543458e-11 5.384350e+02 3.380982e+02 8.475891e-04
5.000000e+00 4.891760e+06 2.509282e+03 5.071132e+03 3.811681e-06 5.285293e+05 9.665610e+00 1.287170e+01 8.938822e-14 9.223655e+01 2.205595e+04 9.543017e-11 2.705615e+02 2.833823e+01 7.544102e-05
6.000000e+00 1.408385e+06 2.509350e+03 4.672822e+03 3.297999e-06 4.034928e+05 2.182726e-03 1.254381e+01 8.938698e-14 1.301201e+02 1.574214e+04 9.537515e-11 2.857106e+02 8.522101e+01 1.049756e-04
7.000000e+00 1.499845e+05 2.509401e+03 1.753154e+03 2.987365e-06 4.624427e+05 1.305789e+02 1.252156e+01 8.938712e-14 8.863649e+01 7.896530e+03 9.543908e-11 1.579864e+02 1.042242e+01 3.456148e-04
8.000000e+00 2.923352e+04 2.509386e+03 4.518532e+02 3.794335e-06 4.816149e+05 1.096208e-04 1.253664e+01 8.938701e-14 5.552498e+01 6.675095e+03 9.526487e-11 7.241369e+01 4.254948e+00 5.608432e-05
9.000000e+00 1.622282e+04 2.509330e+03 1.202075e+02 3.284615e-06 3.707973e+05 1.167578e+02 1.254650e+01 8.938663e-14 4.502842e+01 4.286027e+03 9.538154e-11 3.839208e+01 9.885654e+00 7.819400e-07
1.000000e+01 7.976267e+04 2.509345e+03 3.789807e+01 3.280829e-06 8.837269e+05 4.257732e+02 1.254707e+01 8.938669e-14 3.112713e+01 1.972580e+04 9.536949e-11 2.033994e+01 3.491439e+01 3.441312e-07
1.100000e+01 2.168524e+05 2.509313e+03 5.206737e+04 3.780026e-06 9.902805e+05 1.026226e+02 1.248182e+01 8.938722e-14 1.010164e+01 3.557764e+04 9.541622e-11 3.250294e+00 7.172926e-01 3.740509e-06
1.200000e+01 3.960638e+05 2.509378e+03 3.497303e+01 3.274776e-06 2.595557e+06 5.329152e+02 1.254664e+01 8.938675e-14 1.342327e+01 1.055363e+05 9.535212e-11 3.816973e+00 3.352287e+01 1.353076e-07
1.300000e+01 4.756672e+05 2.509396e+03 1.023680e+02 3.272507e-06 3.504551e+06 2.427837e+02 1.254565e+01 8.938677e-14 8.373855e+00 1.638048e+05 9.534664e-11 1.324752e+00 8.736132e+00 1.208842e-07
1.400000e+01 3.979544e+05 2.509418e+03 2.996365e+02 3.270239e-06 4.895932e+06 3.277478e+02 1.254465e+01 8.938650e-14 5.223870e+00 2.606340e+05 9.533964e-11 4.434584e-01 5.101470e+01 1.079983e-07
1.500000e+01 5.701459e+07 2.509449e+03 8.552219e+02 3.768067e-06 1.426707e+07 9.500565e+02 1.248750e+01 8.938662e-14 1.537939e+00 8.188304e+05 9.539114e-11 3.211171e-02 2.850746e+01 4.809423e-09
1.600000e+01 4.034008e+06 2.509362e+03 1.382428e+03 2.827137e-06 6.842853e+06 9.968126e+02 1.246584e+01 8.938632e-14 8.249402e-01 3.612789e+05 9.539173e-11 1.441448e+00 3.207371e+02 4.387128e-07
1.700000e+01 1.279822e+08 2.509422e+03 4.443202e+03 2.821035e-06 1.354326e+07 2.769099e+03 1.286517e+01 8.938628e-14 1.198314e+01 6.695903e+05 9.540152e-11 9.455422e-01 2.213200e+02 1.361198e-09
1.800000e+01 1.174634e+08 2.509426e+03 1.078842e+04 2.831184e-06 1.224179e+07 2.580255e+03 1.248810e+01 8.938647e-14 3.431697e-01 2.305813e+05 9.520860e-11 1.188175e-02 5.208242e-04 8.119899e-08
1.900000e+01 7.823521e+07 2.509411e+03 1.860405e+04 2.813993e-06 9.508698e+06 1.850433e+03 1.247506e+01 8.938698e-14 2.182160e-01 1.091229e+05 9.541079e-11 2.029575e-02 2.900493e+02 4.446840e-08
2.000000e+01 2.175892e+08 2.509423e+03 3.823499e+04 2.850038e-06 1.280257e+07 1.590043e+03 1.248715e+01 8.938800e-14 1.406401e-01 1.464140e+05 9.541035e-11 1.364431e-02 2.066467e-07 2.652802e-10
2.100000e+01 1.715890e+08 2.509460e+03 7.419703e+04 3.240742e-06 1.380101e+07 3.796931e+03 1.254318e+01 8.938910e-14 1.421528e-01 9.654847e+04 9.535915e-11 2.654353e-02 1.823734e-04 2.723776e-09
2.200000e+01 1.042784e+08 2.509359e+03 1.092369e+05 3.725040e-06 1.053960e+07 1.279755e+03 1.245592e+01 8.938626e-14 3.135511e-02 9.488637e+04 9.542673e-11 3.338191e-01 2.719587e-05 3.220863e-11
2.300000e+01 4.260585e+08 2.509355e+03 1.976745e+05 3.717083e-06 1.907783e+07 6.000190e+03 1.246800e+01 8.938955e-14 1.447900e-02 2.026638e+05 9.544369e-11 3.981940e-01 5.995945e-04 7.081593e-10
2.400000e+01 2.525328e+08 2.509254e+03 2.754861e+05 2.777868e-06 1.384546e+07 4.349828e+03 1.246674e+01 8.938820e-14 1.056357e-01 1.695135e+05 9.547029e-11 1.159534e-02 3.784529e-04 1.316190e-10
2.500000e+01 5.998446e+08 2.509219e+03 3.515540e+05 3.702914e-06 9.608860e+06 2.916159e-03 1.245528e+01 8.938780e-14 5.727800e-02 1.787434e+05 9.528732e-11 3.246063e-02 1.066982e+02 3.945879e-11
2.600000e+01 2.686601e+08 2.509101e+03 3.885561e+05 2.763540e-06 4.432684e+06 3.696493e+03 1.244313e+01 8.938821e-14 2.118853e-03 9.423572e+04 9.529138e-11 3.058972e-02 3.587115e-04 1.821025e-11
2.700000e+01 6.445200e+08 2.509071e+03 5.583595e+05 3.688707e-06 3.821429e+06 3.254920e-03 1.245609e+01 8.938959e-14 1.614245e-03 1.607521e+05 9.549066e-11 2.334177e-02 5.262464e-04 1.257684e-11
2.800000e+01 1.259884e+08 2.508938e+03 3.709868e+05 2.742763e-06 2.040215e+06 2.051487e-03 1.243668e+01 8.938613e-14 1.750243e-02 4.403014e+04 9.547765e-11 4.228127e-03 9.677500e-10 6.840924e-14
2.900000e+01 9.408822e+07 2.508829e+03 3.129882e+05 3.674397e-06 8.323429e+05 1.549540e+01 1.242637e+01 8.938977e-14 1.455729e-02 4.708410e+04 9.547455e-11 1.188757e-01 8.614249e-08 3.237588e-12
3.000000e+01 2.078243e+07 2.508752e+03 3.462743e+05 3.184445e-06 6.777583e+05 1.524970e-09 1.247415e+01 8.938785e-14 2.292455e-03 1.749880e+04 9.542118e-11 1.367793e-03 3.341215e-10 4.488280e-13
3.100000e+01 1.229296e+08 2.509660e+03 1.962846e+05 3.661749e-06 1.418973e+06 1.030266e+01 1.243838e+01 8.938763e-14 2.147308e-02 7.297049e+04 9.548718e-11 2.005942e-02 1.996244e-07 3.834204e-13
3.200000e+01 2.230870e+07 2.508563e+03 6.419796e+04 2.749045e-06 2.458682e+05 1.865865e-03 1.277044e+01 8.938736e-14 1.612980e-03 1.330553e+04 9.550302e-11 3.152916e-02 3.490823e-04 1.690357e-13
3.300000e+01 1.670167e+07 2.508591e+03 2.924536e+04 2.762361e-06 6.592912e+05 7.136243e+02 1.276336e+01 8.938773e-14 5.755450e-02 4.440191e+04 9.531455e-11 4.340023e-04 4.540106e-06 9.515454e-14
3.400000e+01 6.621702e+06 2.508712e+03 2.324907e+04 3.162956e-06 3.438459e+05 5.701809e+02 1.243947e+01 8.938809e-14 1.307582e-02 2.921125e+04 9.546633e-11 8.849280e-03 1.337972e+01 3.364390e-14
3.500000e+01 2.938137e+05 2.508722e+03 8.443129e+03 3.156171e-06 2.737884e+05 1.742701e+02 1.244022e+01 8.938945e-14 2.681057e-02 1.838287e+04 9.546331e-11 1.640889e-02 9.711162e+00 2.377827e-14
3.600000e+01 2.636687e+05 2.508771e+03 4.725255e+03 3.627188e-06 5.303754e+05 1.695746e+02 1.238105e+01 8.938676e-14 2.306345e-02 1.502110e+05 9.551989e-11 2.451983e+00 1.249773e+01 3.019268e-14
3.700000e+01 2.052763e+04 2.508787e+03 1.500956e+03 3.621023e-06 3.129632e+05 1.069005e+02 1.237402e+01 8.938977e-14 3.522721e-02 1.880875e+04 9.552653e-11 5.717615e-02 5.135643e+00 2.415944e-14
3.800000e+01 2.163982e+04 2.508765e+03 5.581438e+02 3.140225e-06 4.043218e+05 1.571650e+02 1.243794e+01 8.938799e-14 1.462756e-01 1.364007e+05 9.548329e-11 9.906579e-01 2.327304e+01 1.309942e-14
3.900000e+01 1.357811e+04 2.508784e+03 2.442972e+02 3.136367e-06 5.008323e+05 1.605571e+02 1.243562e+01 8.938716e-14 2.192724e-01 1.466345e+05 9.549982e-11 4.340495e+00 2.049478e+01 1.242709e-14
4.000000e+01 5.387825e+04 2.508835e+03 8.448958e+01 2.813914e-06 6.109000e+05 3.950714e+02 1.237475e+01 8.938697e-14 1.430853e-01 6.837672e+04 9.557627e-11 1.098185e+01 8.968698e+00 1.970184e-14
4.100000e+01 4.651758e+05 2.508921e+03 4.544063e+01 2.857600e-06 4.606725e+06 6.440154e+03 1.239466e+01 8.938649e-14 2.654433e-01 1.431629e+06 9.560325e-11 4.713400e+01 6.664450e+02 2.129292e-14
4.200000e+01 2.245906e+05 2.508754e+03 9.580748e+03 3.595207e-06 1.192465e+06 5.550835e+03 1.231848e+01 8.938632e-14 1.792408e-01 2.117773e+05 9.564117e-11 5.908779e+01 2.443209e+02 2.728113e-14
4.300000e+01 6.459166e+07 2.508852e+03 3.541684e+01 3.590163e-06 1.136038e+07 2.316557e+04 1.233741e+01 8.938641e-14 2.145024e-01 5.095885e+06 9.569036e-11 1.810503e+02 4.497172e+02 4.180962e-14
4.400000e+01 2.618088e+07 2.508894e+03 2.148486e+02 3.114349e-06 1.699547e+07 5.939835e+04 1.240871e+01 8.938600e-14 4.400727e-01 5.578397e+06 9.569091e-11 5.910508e+02 3.126939e+03 4.019381e-14
4.500000e+01 8.066090e+06 2.508770e+03 2.335903e+02 3.583440e-06 5.213376e+06 7.660294e+02 1.229687e+01 8.938660e-14 1.228773e-01 1.111696e+06 9.559148e-11 3.008166e+02 1.316794e+01 1.409984e-13
4.600000e+01 9.710550e+07 2.508888e+03 1.431336e+03 3.109841e-06 1.509226e+07 4.388239e+04 1.238804e+01 8.938596e-14 2.665744e-01 5.694270e+06 9.578781e-11 9.654474e+02 2.488447e+03 1.439925e-13
4.700000e+01 2.365765e+08 2.508810e+03 2.442149e+03 3.580067e-06 4.045891e+06 3.486418e+03 1.229648e+01 8.938632e-14 7.550768e-02 5.981100e+05 9.588506e-11 5.731918e+02 1.295025e+02 7.071476e-13
4.800000e+01 7.677710e+07 2.508728e+03 4.204552e+03 3.580052e-06 3.585802e+06 8.272954e+03 1.268567e+01 8.938613e-14 4.947659e-02 6.967568e+05 9.571175e-11 6.429473e+02 9.316432e+02 2.061222e-12
4.900000e+01 1.025710e+08 2.508681e+03 6.073562e+03 3.581708e-06 1.050917e+06 4.803944e+03 1.267962e+01 8.938613e-14 2.439949e-02 8.555625e+04 9.573474e-11 4.372354e+02 2.659301e+02 5.054509e-14
5.000000e+01 1.917156e+08 2.508649e+03 1.180033e+04 2.733349e-06 1.002008e+06 3.899336e+03 1.268137e+01 8.938632e-14 2.085899e-01 9.162812e+04 9.573770e-11 3.049365e+02 5.126419e-04 6.341207e-14
5.100000e+01 3.942895e+07 2.508536e+03 1.143121e+04 2.703715e-06 4.198662e+05 2.565990e+03 1.269090e+01 8.938677e-14 1.312024e-01 2.542786e+04 9.592687e-11 1.490260e+02 4.865705e-04 2.146781e-12
5.200000e+01 1.011218e+08 2.508466e+03 1.581102e+04 2.737160e-06 1.022692e+06 2.375711e+03 1.234290e+01 8.938764e-14 7.709160e-03 3.751578e+04 9.591185e-11 6.823958e+01 1.689357e-09 7.753983e-13
5.300000e+01 7.636551e+07 2.508322e+03 1.408845e+04 2.730490e-06 4.957136e+05 2.401014e+03 1.234581e+01 8.938926e-14 1.056664e-01 4.421824e+04 9.591031e-11 4.117399e+03 2.103496e-04 3.742513e-13
5.400000e+01 6.549800e+07 2.509299e+03 1.039185e+04 2.702132e-06 7.074216e+05 8.797005e+02 1.234560e+01 8.938625e-14 6.704909e-03 3.497349e+04 9.592225e-11 5.045295e+01 1.169710e-05 2.353201e-13
5.500000e+01 1.281395e+08 2.508306e+03 1.180410e+04 3.105751e-06 7.133281e+05 3.428550e+03 1.242806e+01 8.938923e-14 1.693889e-02 7.236285e+04 9.588730e-11 1.957658e+02 6.571954e+01 9.349846e-14
5.600000e+01 5.728316e+07 2.508306e+03 4.472420e+03 3.574137e-06 4.461026e+05 7.508475e+02 1.238735e+01 8.938845e-14 7.253910e-03 2.961987e+04 9.576029e-11 2.096043e+02 2.272174e+01 1.468996e-13
5.700000e+01 8.389715e+07 2.508338e+03 2.532121e+03 3.571392e-06 4.965720e+05 2.767714e+03 1.240838e+01 8.938792e-14 1.379331e-01 5.645948e+04 9.577095e-11 3.517940e+02 7.348628e+01 1.438315e-13
5.800000e+01 5.072126e+07 2.508364e+03 1.057704e+03 3.570316e-06 3.358150e+05 1.371587e+03 1.241807e+01 8.938825e-14 1.890825e-01 2.364816e+04 9.595932e-11 4.661553e+02 5.168687e-04 1.778758e-13
5.900000e+01 9.763191e+07 2.508345e+03 1.953008e+02 2.687694e-06 5.464374e+05 2.646364e+03 1.241955e+01 8.938955e-14 3.996280e-01 5.027286e+04 9.573921e-11 5.689047e+02 4.215344e+02 1.751232e-15
6.000000e+01 2.650374e+07 2.508313e+03 2.835581e+01 2.649602e-06 6.653762e+05 6.354490e+00 1.240503e+01 8.938632e-14 5.030239e-02 3.249175e+04 9.570065e-11 3.470172e+02 3.487093e-05 1.014538e-13
6.100000e+01 2.643081e+07 2.508368e+03 1.551242e+01 3.094315e-06 1.186705e+06 2.368086e-03 1.248710e+01 8.938912e-14 2.872298e-01 4.499969e+04 9.580388e-11 5.734709e+02 2.982226e+02 2.561951e-14
6.200000e+01 1.611123e+05 2.508239e+03 3.402562e-01 3.564206e-06 1.692412e+05 1.990170e-04 1.240074e+01 8.938810e-14 3.689695e-01 3.276352e+03 9.580898e-11 1.842739e+02 4.339506e+00 1.986841e-14
6.300000e+01 2.874188e+05 2.508361e+03 1.693760e+01 3.563042e-06 1.524596e+06 5.349164e-04 1.247897e+01 8.938722e-14 1.125101e+00 2.508708e+04 9.558567e-11 1.974226e+02 9.471886e-04 1.020966e-14
6.400000e+01 9.095634e+05 2.509247e+03 1.251509e-02 3.563540e-06 4.656276e+06 3.292723e-03 1.282886e+01 8.938692e-14 2.671207e+00 1.148277e+05 9.570337e-11 1.359553e+04 2.211433e+02 6.034324e-15
6.500000e+01 3.153580e+05 2.508200e+03 1.628121e+00 2.648878e-06 9.276325e+05 5.313396e+02 1.240334e+01 8.938710e-14 2.060887e+00 7.394502e+04 9.565220e-11 1.196250e+02 1.008576e-03 4.020613e-15
6.600000e+01 1.225666e+08 2.508368e+03 1.742102e-03 2.714717e-06 2.117028e+07 7.067063e+03 1.243779e+01 8.938783e-14 4.673898e+00 9.749973e+06 9.561240e-11 4.993128e+02 1.196615e+03 2.977156e-15
6.700000e+01 1.623468e+07 2.508436e+03 4.966563e+00 3.565015e-06 1.974686e+07 1.680156e+03 1.243167e+01 8.938938e-14 5.513146e+00 3.848076e+06 9.558362e-11 6.038396e+02 8.128327e+02 2.428091e-15
6.800000e+01 1.410446e+08 2.508543e+03 3.966917e-03 3.565595e-06 5.186117e+07 7.163108e+03 1.244822e+01 8.938622e-14 8.230388e+00 1.487348e+07 9.556563e-11 9.577855e+02 2.426895e+03 2.173968e-15
6.900000e+01 2.271167e+07 2.508571e+03 3.231453e-03 2.682897e-06 1.402848e+07 5.195904e+02 1.242812e+01 8.938998e-14 6.488771e+00 1.564387e+06 9.555827e-11 6.208956e+02 3.375749e+01 2.145375e-15
