long.t Lactobacillus_iners Lactobacillus_crispatus Lactobacillus_jensenii Lactobacillus_gasseri Gardnerella_vaginalis g_Megasphaera g_Gemella g_Leptotrichia g_Parvimonas Atopobium_vaginae Prevotella_buccalis g_Dialister g_Mobiluncus
0.000000e+00 2.489020e-16 1.128583e-15 2.765414e+07 7.664250e+05 8.343140e-16 9.271935e-14 2.012479e-15 8.685012e-15 4.283449e-15 9.918460e+05 5.704094e+01 1.401205e+01 2.852053e-12
1.000000e+00 2.485174e-16 1.148080e-15 2.836769e+07 5.829188e+05 3.665526e-16 1.689012e-13 2.014413e-15 8.660978e-15 4.283449e-15 2.263149e+05 2.083397e+00 7.132085e+02 3.412692e-12
2.000000e+00 2.484561e-16 1.172289e-15 2.788620e+07 5.195327e+05 3.111064e-16 3.001875e-12 2.055394e-15 8.833041e-15 4.283449e-15 1.183446e+05 1.983982e+00 1.352183e+01 1.083597e-11
3.000000e+00 2.487046e-16 3.787391e-16 5.445730e+07 6.689566e+05 2.972800e-16 8.533297e-10 2.136979e-15 4.625818e-16 4.283449e-15 7.150096e+05 2.950911e+00 2.463505e+01 1.569222e-14
4.000000e+00 2.492574e-16 1.130017e-15 1.961431e+07 5.076767e+05 2.936403e-16 4.772531e-13 2.263713e-15 7.570169e-15 4.283449e-15 9.936522e+03 5.045239e+01 7.060030e+02 3.001583e-11
5.000000e+00 2.501159e-16 1.066721e-15 3.403112e+07 5.506584e+05 2.934321e-16 2.912779e-06 2.443597e-15 6.359978e-15 4.283449e-15 1.785691e+03 3.633014e+00 3.929525e+01 2.823146e-11
6.000000e+00 2.512880e-16 1.010572e-15 2.344553e+07 4.548234e+05 2.963436e-16 3.950002e-04 2.689047e-15 5.453209e-15 4.283449e-15 5.304935e-06 4.082799e+00 5.425761e+01 7.226659e-11
7.000000e+00 2.527873e-16 9.606533e-16 1.734502e+07 3.945426e+05 3.085860e-16 4.698168e-06 3.018561e-15 4.766011e-15 4.283450e-15 7.571319e-06 5.257942e+00 8.335619e+01 5.523684e-10
8.000000e+00 2.546342e-16 9.161923e-16 1.808874e+07 3.616421e+05 3.797503e-16 1.300619e-03 3.459412e-15 4.241401e-15 4.283450e-15 4.170010e-13 5.264147e+00 9.939400e+01 1.991658e-12
9.000000e+00 2.544315e-16 8.479608e-16 1.458875e+07 3.314304e+05 3.345582e-16 9.819961e-01 3.410689e-15 3.308439e-15 4.283450e-15 9.701945e-16 9.157128e+00 1.964295e+02 9.967844e-10
1.000000e+01 2.565248e-16 8.124226e-16 1.315494e+07 2.787950e+05 3.345561e-16 3.248104e+00 3.965992e-15 3.018188e-15 4.283450e-15 5.083544e-16 9.424884e+00 2.432762e+02 1.251207e-09
1.100000e+01 2.612485e-16 8.026375e-16 1.138918e+07 1.871339e+05 3.797325e-16 2.769946e-01 5.527899e-15 3.141974e-15 4.283451e-15 4.239686e-16 5.874729e+00 2.031238e+02 3.525341e-08
1.200000e+01 2.638840e-16 7.702510e-16 1.429597e+07 1.640159e+05 3.085443e-16 1.852001e-01 6.613825e-15 2.885284e-15 4.283451e-15 2.484021e-16 6.180485e+00 2.637635e+02 1.665485e-07
1.300000e+01 2.670074e-16 7.411466e-16 1.606005e+07 1.164323e+05 2.962083e-16 1.423391e-03 6.369238e-16 2.688872e-15 4.283451e-15 2.275301e-16 5.812546e+00 2.882262e+02 1.448652e-09
1.400000e+01 2.706667e-16 7.149710e-16 1.273043e+07 7.394877e+04 2.929738e-16 1.763299e+00 7.182499e-15 2.541706e-15 4.283452e-15 2.232458e-16 4.892763e+01 4.495043e+03 1.063636e-05
1.500000e+01 2.749211e-16 6.914197e-16 2.106373e+07 5.377356e+04 2.920709e-16 6.507782e-07 6.526394e-15 2.436019e-15 4.283452e-15 2.223445e-16 5.188848e+01 5.498172e+02 9.052009e-08
1.600000e+01 2.798423e-16 6.702304e-16 1.558507e+07 2.822553e+04 2.918623e-16 1.795779e-02 6.090108e-15 2.366509e-15 4.283452e-15 2.222767e-16 6.659876e+01 7.400778e+02 4.619059e-04
1.700000e+01 2.855178e-16 6.511762e-16 1.835781e+07 1.590860e+04 2.919826e-16 7.928574e-08 5.832631e-15 2.329822e-15 4.283446e-15 2.228531e-16 1.201463e+01 1.090823e+03 5.184810e-06
1.800000e+01 2.920534e-16 6.340609e-16 1.113516e+07 6.654234e+03 2.926430e-16 1.351084e-02 5.731106e-15 2.324243e-15 4.283453e-15 2.256930e-16 1.714723e+01 1.383003e+03 5.042066e-02
1.900000e+01 2.995785e-16 6.187145e-16 7.718926e+06 2.687493e+03 2.950360e-16 1.277149e-07 5.777027e-15 2.349541e-15 4.283453e-15 2.391349e-16 2.467640e+01 1.789859e+03 1.030514e-03
2.000000e+01 3.082515e-16 6.049898e-16 4.067509e+06 1.059427e+03 3.040578e-16 1.679190e-08 5.974914e-15 2.406951e-15 4.283446e-15 3.119369e-16 3.756292e+01 2.598764e+03 1.926679e-02
2.100000e+01 3.182680e-16 5.927593e-16 4.691888e+06 4.849186e+04 3.511553e-16 3.882020e-05 6.343153e-15 2.499291e-15 4.283453e-15 1.370151e-15 4.407115e+01 2.726561e+03 2.949795e-02
2.200000e+01 3.215905e-16 5.686907e-16 1.273237e+06 5.153792e+02 3.111297e-16 1.578244e-09 5.684280e-15 2.330209e-15 4.283452e-15 2.753683e-15 8.447771e+01 4.513194e+03 8.044017e-01
2.300000e+01 3.418398e-16 5.712067e-16 6.103517e+06 5.601121e+04 5.369143e-16 4.044212e-07 7.531561e-15 2.768231e-15 4.283452e-15 3.916546e-07 7.882451e+01 4.487858e+03 7.354931e-02
2.400000e+01 3.447198e-16 5.492689e-16 2.329228e+06 1.051856e+03 3.645084e-16 7.672199e-10 6.794618e-15 2.591281e-15 4.283451e-15 3.476616e-08 1.342669e+02 6.371886e+03 5.862096e-01
2.500000e+01 3.576039e-16 5.402545e-16 5.094258e+06 2.475806e+03 3.705343e-16 3.644949e-09 7.522663e-15 2.750405e-15 4.283451e-15 6.154160e-02 1.667683e+02 7.485740e+03 3.206694e-01
2.600000e+01 3.854392e-16 5.430805e-16 6.570012e+06 1.869782e+03 7.008561e-16 3.266151e-03 1.053797e-14 3.359450e-15 4.283451e-15 1.207812e-04 1.309780e+02 6.307383e+03 4.142218e-03
2.700000e+01 3.867677e-16 5.234535e-16 1.190124e+07 1.106095e+04 3.684886e-16 1.443308e-05 9.477924e-15 3.142155e-15 4.283450e-15 7.145691e+05 2.467376e+02 9.947420e+03 3.168951e-02
2.800000e+01 4.032387e-16 5.156273e-16 1.537849e+07 2.099461e+04 3.604068e-16 1.202971e-02 1.078570e-14 3.382024e-15 4.283450e-15 4.687137e+06 2.939089e+02 1.125173e+04 5.724912e-03
2.900000e+01 4.414702e-16 5.186061e-16 1.392583e+07 1.339593e+04 4.464704e-16 1.028079e-02 1.602991e-14 4.253471e-15 4.283450e-15 5.255592e+06 2.385001e+02 1.000104e+04 8.387267e-06
3.000000e+01 4.650862e-16 5.114436e-16 1.093670e+07 2.232687e+04 4.777985e-16 1.396053e+00 1.905143e-14 4.676646e-15 4.283450e-15 3.263823e+06 2.437138e+02 1.072683e+04 4.088104e-02
3.100000e+01 4.658242e-16 4.949461e-16 1.157801e+07 7.944667e+04 3.925120e-16 4.295120e+02 1.743382e-14 4.415807e-15 4.283449e-15 3.437360e+06 4.434279e+02 1.498427e+04 1.409033e-05
3.200000e+01 4.919841e-16 4.889134e-16 6.361091e+06 1.021690e+05 4.308447e-16 7.674717e+02 2.110874e-14 4.901776e-15 4.283449e-15 3.750574e+05 4.879977e+02 1.602075e+04 4.709782e-06
3.300000e+01 5.196128e-16 4.828886e-16 3.130447e+06 1.313901e+05 3.914055e-16 1.371354e+03 2.555831e-14 5.441181e-15 4.283449e-15 4.092329e+04 5.370474e+02 1.712892e+04 1.574274e-06
3.400000e+01 5.895836e-16 4.863051e-16 2.629117e+07 2.509512e+05 4.681140e-16 1.281393e+04 4.343638e-14 7.296398e-15 4.283449e-15 2.500738e+06 6.899020e+02 2.708197e+04 8.116615e-09
3.500000e+01 6.315557e-16 4.807785e-16 1.778363e+06 1.048826e+05 4.104499e-16 6.094283e+02 5.552852e-14 8.309016e-15 4.283449e-15 1.394063e+03 4.197208e+02 1.516862e+04 8.006070e-06
3.600000e+01 6.289948e-16 4.669563e-16 1.056869e+07 2.791531e+05 3.382253e-16 9.311636e+03 5.084379e-14 7.858971e-15 4.283449e-15 3.259268e+04 7.070534e+02 2.206165e+04 2.205169e-08
3.700000e+01 7.406330e-16 4.711465e-16 1.066543e+07 2.279100e+05 8.593847e-16 3.432565e+03 9.911341e-14 1.122669e-14 4.283449e-15 1.034654e+00 6.091770e+02 2.205237e+04 1.954765e-06
3.800000e+01 7.357277e-16 4.583022e-16 1.163951e+07 3.745637e+05 5.096555e-16 5.334844e+03 9.070644e-14 1.062972e-14 4.283448e-15 3.579298e+00 7.980349e+02 2.552974e+04 1.826741e-08
3.900000e+01 8.000452e-16 4.542481e-16 1.225493e+07 4.199387e+05 6.568611e-16 3.370871e+03 1.237998e-13 1.248735e-14 4.283448e-15 3.193472e-03 8.398746e+02 2.735083e+04 3.392940e-08
4.000000e+01 8.699850e-16 4.501481e-16 1.338927e+07 4.708105e+05 7.137871e-16 2.129916e+03 1.689670e-13 1.466953e-14 4.283448e-15 2.849236e-06 8.839078e+02 2.930181e+04 6.301954e-08
4.100000e+01 9.460386e-16 4.460016e-16 1.548457e+07 5.278449e+05 6.563728e-16 1.345808e+03 2.306130e-13 1.723295e-14 4.283448e-15 2.542106e-09 9.302497e+02 3.139197e+04 1.170508e-07
4.200000e+01 1.028740e-15 4.418080e-16 1.958411e+07 5.917885e+05 5.088813e-16 8.503614e+02 3.147499e-13 2.024420e-14 4.283448e-15 2.268082e-12 9.790212e+02 3.363122e+04 2.174070e-07
4.300000e+01 1.271154e-15 4.452551e-16 8.706941e+06 3.904195e+05 8.522607e-16 7.599567e+00 7.221545e-13 3.110338e-14 4.283448e-15 5.832414e-11 7.337849e+02 3.070639e+04 2.048135e-04
4.400000e+01 1.235825e-15 4.338630e-16 1.513311e+07 6.770998e+05 3.357756e-16 6.043445e+01 6.209184e-13 2.865537e-14 4.283448e-15 8.243308e-16 1.052900e+03 3.794025e+04 4.220500e-06
4.500000e+01 1.566793e-15 4.373958e-16 3.684267e+06 4.755144e+05 3.971340e-16 3.554894e-02 1.558000e-12 4.583268e-14 4.283448e-15 8.857912e-16 7.377886e+02 3.276386e+04 2.417562e-07
4.600000e+01 1.773662e-15 4.339700e-16 1.707451e+07 1.334816e+06 4.126556e-16 1.337660e-03 1.833299e-13 5.730586e-14 4.283448e-15 2.402942e-15 9.818180e+03 6.221857e+04 5.206133e-02
4.700000e+01 1.759248e-15 4.240611e-16 3.351684e+06 7.168863e+05 3.425790e-16 3.464127e-05 1.684096e-12 5.449126e-14 4.283448e-15 3.453318e-15 1.280694e+03 4.440582e+04 1.388470e-03
4.800000e+01 2.015974e-15 4.212065e-16 5.063413e+06 7.829135e+05 3.412421e-16 3.018811e-08 2.053028e-12 6.944006e-14 4.283448e-15 2.770735e-14 1.542317e+03 4.791816e+04 2.294015e-02
4.900000e+01 2.729508e-15 4.249715e-16 3.906330e+06 8.153441e+05 3.967112e-16 6.121456e-09 4.515238e-12 1.225021e-13 4.283448e-15 1.041300e-05 1.620529e+03 5.026641e+04 4.193711e-02
5.000000e+01 3.226581e-15 4.223605e-16 4.758061e+06 9.423992e+05 3.398944e-16 1.643686e-11 5.961057e-12 1.632378e-13 4.283448e-15 2.454152e-16 1.995969e+03 5.629758e+04 5.919226e-01
5.100000e+01 3.920224e-15 4.202141e-16 4.256213e+06 9.997495e+05 4.326711e-16 2.380393e-12 8.536625e-12 2.258448e-13 4.283448e-15 1.170205e-06 2.247092e+03 5.765125e+04 2.651867e+00
5.200000e+01 4.013478e-15 4.121133e-16 2.181822e+06 1.088725e+06 4.095447e-16 2.174091e-13 6.990623e-12 2.239712e-13 4.283448e-15 1.911177e-14 3.028087e+03 6.422778e+04 2.479959e+01
5.300000e+01 6.123549e-15 4.167149e-16 3.634745e+06 1.477419e+06 1.419571e-15 7.709454e-12 1.398434e-12 4.595981e-14 4.283448e-15 2.155719e-13 3.675641e+03 7.796396e+04 2.712262e+01
5.400000e+01 7.907576e-15 4.153462e-16 4.161669e+06 1.624979e+06 2.877820e-14 2.591255e-10 2.460458e-11 5.470047e-13 4.283449e-15 1.578674e-08 3.752286e+03 7.657851e+04 3.659156e+01
5.500000e+01 8.266037e-15 4.081627e-16 4.422718e+06 1.606871e+06 1.350003e-13 6.932148e-10 1.611523e-11 4.438646e-13 4.283448e-15 5.869405e-06 4.759664e+03 8.176141e+04 1.091332e+02
5.600000e+01 1.415075e-14 4.133485e-16 8.123188e+06 1.679331e+06 6.202167e-05 5.502286e-04 4.199895e-11 8.193006e-13 4.283449e-15 5.760213e-03 4.865147e+03 8.425953e+04 4.074390e+01
5.700000e+01 1.972440e-14 4.127107e-16 1.190982e+07 1.774175e+06 1.518975e-08 1.441346e-05 6.028542e-11 1.049862e-12 4.283449e-15 4.019632e+03 4.872228e+03 7.881596e+04 1.895591e+01
5.800000e+01 2.880104e-14 4.124887e-16 9.697454e+06 2.032488e+06 2.002988e-07 1.044397e-01 9.568356e-11 1.412583e-12 4.283449e-15 2.807928e+04 5.496930e+03 8.576352e+04 6.696705e+00
5.900000e+01 4.425300e-14 4.126815e-16 1.743353e+07 2.670702e+06 2.053855e+02 1.069532e+01 8.547206e-12 1.442910e-13 4.283449e-15 1.295141e+05 6.405228e+03 9.233777e+04 8.899351e-01
6.000000e+01 4.881111e-14 4.069858e-16 1.061546e+07 2.706273e+06 3.062569e-04 7.734506e+02 9.711769e-11 1.378461e-12 4.283449e-15 5.882323e+04 8.335690e+03 1.080961e+05 4.700458e-01
6.100000e+01 1.165702e-13 4.137819e-16 1.173006e+07 2.731670e+06 1.764267e-02 2.121831e+03 3.064917e-10 2.606313e-12 4.283450e-15 5.125004e+04 7.504200e+03 9.533657e+04 2.060544e-03
6.200000e+01 2.019855e-13 4.146951e-16 1.893804e+07 3.166225e+06 7.635164e+02 1.580594e+04 1.885871e-11 1.814919e-13 4.283450e-15 1.087844e+06 8.130409e+03 1.017889e+05 3.143608e-05
6.300000e+01 6.544557e-15 4.160360e-16 1.118620e+07 2.591480e+06 1.274457e+02 1.609936e+04 1.600065e-11 3.049538e-12 4.283443e-15 1.193757e+05 8.289791e+03 9.252055e+04 3.186175e-04
6.400000e+01 1.094981e-14 4.178134e-16 1.929370e+07 3.077874e+06 5.208794e+01 7.367041e+04 4.757858e-10 3.132756e-12 4.283450e-15 9.101209e+05 9.738422e+03 1.235240e+05 6.743120e-06
6.500000e+01 3.440595e-13 4.200388e-16 1.752784e+07 3.210334e+06 2.117473e-06 8.305490e+04 4.734670e-10 3.406969e-12 4.283450e-15 3.146120e+05 9.618645e+03 1.147828e+05 1.119079e-06
6.600000e+01 2.910611e-13 4.227268e-16 1.400603e+07 2.950446e+06 2.112834e-06 8.940831e+04 5.331775e-10 3.928426e-12 4.283450e-15 1.199447e+05 9.672658e+03 1.046545e+05 5.989717e-11
6.700000e+01 2.663389e-13 4.258951e-16 1.485824e+07 3.357115e+06 1.340248e-12 1.204668e+05 6.825344e-10 4.813072e-12 4.283450e-15 1.407517e+05 1.004715e+04 1.081175e+05 1.373642e-07
6.800000e+01 1.317148e-13 4.218854e-16 1.277921e+07 3.155517e+06 2.604369e-15 1.204736e+05 2.583781e-10 2.914883e-12 4.283450e-15 7.221456e+04 1.110732e+04 1.057132e+05 7.089847e-10
6.900000e+01 2.615042e-13 4.331596e-16 1.108126e+07 3.381591e+06 1.792129e-14 1.070747e+05 9.959579e-12 1.328591e-13 4.283450e-15 6.397757e+04 9.717046e+03 1.077898e+05 6.809098e-08
