long.t Lactobacillus_iners Lactobacillus_crispatus Gardnerella_vaginalis g_Megasphaera g_Gemella g_Parvimonas Atopobium_vaginae Prevotella_buccalis Prevotella_bivia g_Dialister g_Mobiluncus
0.000000e+00 2.682216e+07 7.426886e-14 3.607953e+08 5.256032e+07 2.732757e+05 1.729711e+07 1.345141e+08 2.373639e+06 1.566147e-11 3.789828e+06 6.201760e+04
1.000000e+00 7.050713e+06 1.821811e-14 8.057655e+07 1.990737e+07 5.329984e+05 4.000360e+06 1.982090e+07 2.373365e+06 1.902718e-05 8.820119e+05 6.250308e+04
2.000000e+00 6.943621e+06 7.201723e-14 1.163630e+08 1.495861e+07 1.016495e+06 7.706054e+06 3.903985e+07 2.373101e+06 5.353552e-14 1.371704e+06 6.200225e+04
3.000000e+00 1.058331e+07 5.980111e-14 1.716884e+08 1.946413e+07 2.864115e+06 1.684293e+07 6.258051e+07 2.373417e+06 1.902557e-05 1.754988e+06 6.212350e+04
4.000000e+00 8.661598e+06 6.757249e-14 2.213690e+08 3.123712e+07 2.539131e+06 2.355493e+07 9.291783e+07 2.373303e+06 1.383279e-08 2.488337e+06 6.216276e+04
5.000000e+00 4.484453e+06 6.585816e-14 1.521220e+08 5.372682e+06 2.455479e+06 1.925310e+07 5.643544e+07 2.373253e+06 4.558441e-15 1.182733e+06 6.221725e+04
6.000000e+00 3.255244e+06 1.895299e-14 2.409834e+08 1.458564e+07 6.639106e+06 3.910773e+07 1.118413e+08 2.373229e+06 4.558174e-15 3.156611e+06 6.227474e+04
7.000000e+00 1.416586e+06 6.061416e-14 2.164188e+08 1.102599e+07 5.303857e+06 3.503232e+07 9.945046e+07 2.373101e+06 4.558174e-15 4.362033e+06 6.228324e+04
8.000000e+00 5.589945e+05 5.723516e-14 2.388718e+08 2.060585e+07 1.086566e+07 4.058901e+07 1.139891e+08 2.373092e+06 4.558174e-15 1.085607e+07 6.229543e+04
9.000000e+00 1.448674e+05 5.436658e-14 1.608674e+08 1.252909e+07 2.966748e+06 2.228216e+07 6.648946e+07 2.373023e+06 4.558207e-15 5.650533e+06 6.228999e+04
1.000000e+01 4.364811e+04 5.194571e-14 2.684561e+08 2.984401e+07 4.125303e+06 3.674855e+07 1.104044e+08 2.373206e+06 5.353552e-14 8.905070e+06 6.228977e+04
1.100000e+01 1.256753e+04 4.403131e-14 1.305892e+08 1.948625e+07 1.251248e+06 1.221105e+07 4.215776e+07 2.373328e+06 4.558174e-15 3.469889e+06 6.228449e+04
1.200000e+01 4.737942e+02 4.797337e-14 1.264772e+08 2.266600e+07 4.256982e+05 5.453161e+06 2.836721e+07 2.373288e+06 5.353552e-14 2.255553e+06 6.218064e+04
1.300000e+01 4.617245e+01 4.636479e-14 1.614333e+08 5.925002e+07 2.467869e+06 1.206910e+07 4.185752e+07 2.373487e+06 4.558207e-15 4.847599e+06 6.217457e+04
1.400000e+01 6.858324e+03 4.506402e-14 1.103122e+08 4.406073e+07 4.828070e+05 5.281240e+06 2.700493e+07 2.373244e+06 4.558174e-15 3.874795e+06 6.268293e+04
1.500000e+01 1.293828e+00 4.404603e-14 1.468422e+08 5.002334e+07 2.008753e-04 8.534960e+06 3.427538e+07 2.373165e+06 4.558694e-15 7.191155e+06 6.219146e+04
1.600000e+01 7.719606e-01 4.329158e-14 2.279109e+08 4.054999e+07 7.427195e-05 1.805793e+07 7.355187e+07 2.373196e+06 1.671447e-05 1.086183e+07 6.227473e+04
1.700000e+01 7.172343e-02 4.278661e-14 1.856943e+08 2.593897e+07 1.365621e-14 1.750380e+07 5.922822e+07 2.373045e+06 6.242178e-05 1.199124e+07 6.231769e+04
1.800000e+01 3.093166e+01 4.252173e-14 1.402456e+08 1.511365e+07 9.983311e-08 1.569816e+07 5.222698e+07 2.372758e+06 1.194765e+04 5.703335e+06 6.236960e+04
1.900000e+01 5.968433e-02 3.803951e-14 1.893883e+08 1.487973e+07 3.449577e-05 2.482915e+07 7.771525e+07 2.373094e+06 2.173288e+05 6.736587e+06 6.247480e+04
2.000000e+01 2.746956e-03 4.245759e-14 2.733812e+08 9.691197e+06 7.073822e-01 4.872461e+07 1.326842e+08 2.373134e+06 6.395407e+04 4.382001e+06 6.249300e+04
2.100000e+01 5.694632e+00 4.265717e-14 2.080591e+08 1.890237e+07 4.279064e+05 3.077468e+07 8.667006e+07 2.372798e+06 2.354251e+05 5.479928e+06 6.250706e+04
2.200000e+01 2.650375e+01 4.309395e-14 1.601872e+08 1.266657e+07 4.348634e+05 2.487170e+07 7.049711e+07 2.372600e+06 1.393175e+05 1.825057e+06 6.250061e+04
2.300000e+01 7.175085e-01 4.377545e-14 3.185344e+08 1.445189e+07 1.609772e+06 7.842232e+07 1.560685e+08 2.372765e+06 3.577436e+05 6.095534e+06 6.252256e+04
2.400000e+01 3.588180e+01 1.630720e-14 2.731201e+08 2.122092e+07 1.093549e+06 4.482521e+07 1.287823e+08 2.372618e+06 1.841793e-05 2.726248e+06 6.251290e+04
2.500000e+01 7.408408e+02 4.363861e-14 3.105562e+08 1.625865e+07 1.428115e+06 4.916674e+07 1.323470e+08 2.372497e+06 2.411773e-05 2.806295e+06 6.249236e+04
2.600000e+01 5.549458e+03 4.282500e-14 3.663075e+08 1.815272e+07 2.859596e+06 6.296045e+07 1.584293e+08 2.372465e+06 4.558703e-15 5.834547e+06 6.246458e+04
2.700000e+01 4.495904e+04 4.225803e-14 3.336167e+08 4.881953e+07 1.504497e+06 3.137149e+07 1.248092e+08 2.372325e+06 4.558174e-15 5.290462e+06 6.240797e+04
2.800000e+01 1.551970e+05 1.555872e-14 4.996730e+08 8.426878e+07 2.554990e+06 4.487811e+07 1.881789e+08 2.372462e+06 4.558702e-15 1.767645e+07 6.235724e+04
2.900000e+01 4.087839e+05 3.974289e-14 3.565554e+08 1.379912e+08 2.440665e+06 2.808164e+07 1.260955e+08 2.372304e+06 2.323908e-05 2.192128e+07 6.226263e+04
3.000000e+01 9.741055e+05 3.787646e-14 3.849604e+08 2.332188e+08 2.204289e+06 2.351506e+07 1.265439e+08 2.372200e+06 1.992408e-05 2.995169e+07 6.217091e+04
3.100000e+01 1.697263e+06 3.629153e-14 3.371915e+08 1.334333e+08 2.266140e+06 1.819721e+07 1.113358e+08 2.372141e+06 2.323640e-05 2.012279e+07 6.204950e+04
3.200000e+01 2.986627e+06 3.495798e-14 3.161865e+08 7.324163e+07 2.535444e+06 1.202457e+07 9.394602e+07 2.372116e+06 1.992867e-05 1.028931e+07 6.191652e+04
3.300000e+01 2.844139e+06 3.385124e-14 2.699535e+08 9.712632e+07 2.212900e+06 1.755717e+07 8.806441e+07 2.377779e+06 1.899910e-05 1.040213e+07 6.235563e+04
3.400000e+01 2.802657e+06 3.295147e-14 1.679946e+08 9.286585e+06 1.838811e+06 1.209824e+07 6.205822e+07 2.372005e+06 2.029031e-08 1.976627e+06 6.235247e+04
3.500000e+01 3.988603e+06 2.921404e-14 1.770189e+08 1.606710e+07 4.847773e+06 1.849365e+07 6.943877e+07 2.372184e+06 1.566488e+05 2.497894e+06 6.194671e+04
3.600000e+01 3.183299e+06 3.154572e-14 1.424420e+08 5.906211e+06 2.438882e+06 2.124864e+07 6.324542e+07 2.372104e+06 2.263652e+04 1.033645e+06 6.205010e+04
3.700000e+01 2.902140e+06 3.102317e-14 1.185845e+08 1.550935e+06 4.196031e+06 2.390792e+07 6.276017e+07 2.372195e+06 1.330789e+05 4.329694e+05 6.216798e+04
3.800000e+01 2.950513e+06 3.066650e-14 1.282412e+08 1.797483e+06 5.598923e+06 3.721901e+07 6.979799e+07 2.372372e+06 1.633308e+05 4.355755e+05 6.227498e+04
3.900000e+01 2.378705e+06 3.046980e-14 9.558403e+07 1.057700e+06 3.541162e+06 2.048506e+07 5.282584e+07 2.372207e+06 8.740137e+04 3.084031e+05 6.235906e+04
4.000000e+01 2.622727e+06 3.042989e-14 1.244774e+08 2.237548e+06 6.060939e+06 2.833160e+07 6.963626e+07 2.372318e+06 1.561383e+05 7.737281e+05 6.243836e+04
4.100000e+01 2.637832e+06 1.147602e-14 1.297185e+08 4.142032e+06 4.732467e+06 2.321808e+07 7.217371e+07 2.372206e+06 1.431285e+05 7.908205e+05 6.249762e+04
4.200000e+01 2.158797e+06 1.087154e-14 1.239033e+08 3.051890e+06 2.199709e+06 1.706676e+07 5.722408e+07 2.372091e+06 2.710162e+04 1.243585e+06 6.253418e+04
4.300000e+01 2.797225e+06 2.440254e-14 1.516347e+08 6.808998e+06 3.364605e+06 1.802214e+07 6.989024e+07 2.372342e+06 1.676463e+05 1.494220e+06 6.261950e+04
4.400000e+01 3.445717e+06 2.468766e-14 2.266430e+08 2.162719e+07 5.157151e+06 2.554897e+07 1.073092e+08 2.372232e+06 3.606741e+04 4.180957e+06 6.262570e+04
4.500000e+01 2.081055e+06 2.276176e-14 1.028476e+08 7.011356e+06 1.165141e+06 7.433255e+06 3.806906e+07 2.372019e+06 3.600424e+04 1.483076e+06 6.263023e+04
4.600000e+01 3.585758e+06 2.108714e-14 2.464174e+08 5.623910e+07 5.541029e+06 2.230736e+07 9.788148e+07 2.372414e+06 3.211364e-05 1.081260e+07 6.269080e+04
4.700000e+01 2.113655e+06 1.962818e-14 1.261028e+08 2.821504e+07 1.325720e+06 7.898421e+06 3.402941e+07 2.372259e+06 2.867496e+04 3.211161e+06 6.266887e+04
4.800000e+01 2.127662e+06 1.835527e-14 1.310513e+08 5.851017e+07 2.070841e+06 6.491018e+06 3.558725e+07 2.372433e+06 8.174985e-06 9.035924e+06 6.268715e+04
4.900000e+01 2.923437e+06 1.724365e-14 1.111837e+08 3.227166e+07 4.585054e+05 5.527615e+06 2.478014e+07 2.372479e+06 2.302662e-05 4.119246e+06 6.273158e+04
5.000000e+01 1.782368e+06 1.627262e-14 1.699689e+08 6.723816e+07 1.909886e+00 9.037799e+06 3.751193e+07 2.372585e+06 5.080937e+03 6.928023e+06 6.274588e+04
5.100000e+01 1.737511e+06 1.406729e-14 1.176111e+08 2.847662e+07 3.297350e-05 5.267701e+06 2.474141e+07 2.372390e+06 1.706213e-05 4.348260e+06 6.275795e+04
5.200000e+01 2.206995e+06 1.461922e-14 2.093777e+08 4.966717e+07 9.728938e-08 1.144031e+07 4.836277e+07 2.372439e+06 3.223726e-01 1.032897e+07 6.272947e+04
5.300000e+01 1.356372e+06 1.391605e-14 1.820575e+08 7.794661e+07 1.365608e-14 1.109475e+07 5.104942e+07 2.372275e+06 1.612657e+05 9.385934e+06 6.272472e+04
5.400000e+01 2.025548e+06 1.330376e-14 2.400419e+08 7.354537e+07 5.231716e-05 1.901458e+07 7.281740e+07 2.372242e+06 5.341500e+05 1.454224e+07 6.273456e+04
5.500000e+01 1.622891e+06 1.277263e-14 3.206248e+08 7.271479e+07 5.206699e-05 2.789388e+07 1.185307e+08 2.372252e+06 3.534614e+05 1.613710e+07 6.274668e+04
5.600000e+01 1.614305e+06 1.231450e-14 2.367746e+08 5.539084e+07 1.007525e+06 2.049835e+07 8.514028e+07 2.372116e+06 3.410473e+05 1.262467e+07 6.271815e+04
5.700000e+01 1.346162e+06 1.192257e-14 1.814033e+08 2.385692e+07 6.348414e+05 1.843898e+07 7.535454e+07 2.372064e+06 2.333811e+05 6.686949e+06 6.270274e+04
5.800000e+01 1.594817e+06 1.159116e-14 2.000891e+08 2.929668e+07 1.531565e+06 2.450754e+07 8.727859e+07 2.372169e+06 1.858205e+04 1.085768e+07 6.269667e+04
5.900000e+01 1.337608e+06 1.028879e-14 1.229538e+08 1.429879e+07 1.180459e+06 1.515742e+07 5.434755e+07 2.372375e+06 3.670090e+04 3.609571e+06 6.269925e+04
6.000000e+01 1.194335e+06 1.003356e-14 9.612077e+07 1.279687e+07 1.108447e+06 1.329520e+07 4.298490e+07 2.372354e+06 4.290724e+04 3.346566e+06 6.267639e+04
6.100000e+01 7.465492e+05 1.078036e-14 6.261411e+07 3.650059e+06 3.335092e+05 7.744641e+06 2.368369e+07 2.372112e+06 7.424579e+03 2.351120e+06 6.262191e+04
6.200000e+01 7.819094e+05 1.056461e-14 6.333201e+07 5.435206e+06 7.683514e+05 8.375234e+06 2.106256e+07 2.372304e+06 1.743198e+05 2.235272e+06 6.261541e+04
6.300000e+01 4.096395e+05 1.039526e-14 2.945219e+07 1.747883e+06 6.507304e+05 3.674661e+06 9.090204e+06 2.372110e+06 6.001800e+04 1.174769e+06 6.256934e+04
6.400000e+01 2.654874e+05 1.027012e-14 1.256717e+07 3.264996e+05 6.908548e-05 8.809807e+05 1.809105e+06 2.372111e+06 9.287260e+03 2.180267e+05 6.253623e+04
6.500000e+01 2.993992e+05 1.018762e-14 1.119738e+07 3.316877e+05 4.997790e+04 7.276053e+05 2.173283e+06 2.372589e+06 1.106505e-05 1.276995e+05 6.256356e+04
6.600000e+01 2.261758e+05 1.014679e-14 5.332528e+06 8.250496e+04 1.173380e-05 2.727650e+05 5.876375e+05 2.372711e+06 1.901348e-06 3.705953e+04 6.253122e+04
6.700000e+01 1.140039e+05 1.014724e-14 2.379023e+06 6.030426e+04 2.192026e+03 1.015241e+05 2.613902e+05 2.372553e+06 9.868849e-07 2.052019e+04 6.249177e+04
6.800000e+01 1.774259e+05 1.018911e-14 3.396448e+06 1.135917e+05 8.692167e+03 1.753219e+05 3.572214e+05 2.372684e+06 1.565898e-11 4.266533e+04 6.249080e+04
