long.t Lactobacillus_iners Lactobacillus_crispatus Lactobacillus_jensenii Lactobacillus_gasseri Gardnerella_vaginalis g_Megasphaera g_Gemella g_Leptotrichia g_Parvimonas Atopobium_vaginae Prevotella_buccalis Prevotella_bivia g_Dialister g_Mobiluncus
0.000000e+00 2.161244e+06 5.233607e+08 3.326098e+06 2.260151e-16 1.255443e-06 1.730659e-13 5.483462e-16 3.965188e-16 1.963446e-15 6.046409e-13 9.760062e-14 7.062915e-13 7.705740e-12 3.180216e-13
1.000000e+00 2.450044e+06 7.042462e+08 3.592341e+06 2.270234e-16 1.255591e-06 1.726126e-13 5.454443e-16 3.965213e-16 1.963441e-15 6.024951e-13 1.003125e-13 7.066018e-13 7.705755e-12 3.179570e-13
2.000000e+00 2.022021e+06 4.607527e+08 3.459727e+06 2.316821e-16 1.264188e-06 1.730637e-13 5.434841e-16 3.966341e-16 1.963440e-15 6.029800e-13 1.054952e-13 7.102306e-13 7.705845e-12 3.180213e-13
3.000000e+00 1.539677e+06 5.157967e+08 3.556118e+06 2.428593e-16 1.255687e-06 1.730616e-13 5.424460e-16 3.968569e-16 1.963441e-15 6.060971e-13 1.135162e-13 7.172246e-13 7.706030e-12 3.180210e-13
4.000000e+00 1.910139e+06 4.655118e+08 3.539890e+06 2.693046e-16 1.255699e-06 1.730600e-13 5.423181e-16 3.971900e-16 1.963447e-15 6.118845e-13 1.249849e-13 7.276810e-13 7.705833e-12 3.180208e-13
5.000000e+00 1.751485e+06 4.414867e+08 3.547644e+06 3.370866e-16 1.255758e-06 1.730589e-13 5.430954e-16 3.976334e-16 1.963455e-15 6.204172e-13 1.807470e-14 7.417496e-13 7.705881e-12 3.180207e-13
6.000000e+00 1.973661e+06 3.090408e+08 3.296968e+06 5.485483e-16 1.264163e-06 1.730583e-13 5.447800e-16 3.981875e-16 1.963467e-15 6.318090e-13 1.903917e-14 7.596365e-13 7.706159e-12 3.180207e-13
7.000000e+00 2.326194e+06 3.011400e+08 3.329638e+06 1.582229e-15 1.255724e-06 1.730583e-13 5.473810e-16 3.988529e-16 1.963482e-15 6.462156e-13 1.146116e-13 7.816094e-13 7.706092e-12 3.180208e-13
8.000000e+00 4.500949e+06 2.012863e+08 2.950987e+06 1.645345e-14 1.264145e-06 1.730588e-13 5.509145e-16 3.996302e-16 1.963500e-15 6.638375e-13 9.832018e-14 8.080049e-13 7.706171e-12 3.180210e-13
9.000000e+00 4.298552e+06 2.780935e+08 3.116017e+06 4.414389e-12 1.264137e-06 1.730598e-13 5.554037e-16 4.005202e-16 1.963522e-15 6.849254e-13 8.625627e-14 3.454237e-13 7.705888e-12 3.179583e-13
1.000000e+01 9.702763e+06 1.626294e+08 2.790048e+06 6.334799e-11 1.260170e-06 1.729960e-13 5.476695e-16 3.965101e-16 1.963389e-15 6.152339e-13 6.236426e-14 7.344513e-13 7.706262e-12 3.180109e-13
1.100000e+01 1.155728e+07 1.742459e+08 2.917369e+06 2.220783e-16 1.255679e-06 1.726108e-13 5.663276e-16 4.025292e-16 1.963572e-15 7.354866e-13 6.930514e-14 3.670784e-13 7.705934e-12 3.179565e-13
1.200000e+01 1.392094e+07 1.160835e+08 2.714509e+06 3.766513e-10 1.264117e-06 1.730614e-13 5.728194e-16 4.036499e-16 1.963600e-15 7.654901e-13 6.341493e-14 8.589977e-13 7.706249e-12 3.180201e-13
1.300000e+01 1.899691e+07 1.479542e+08 2.887584e+06 1.541353e-13 1.255750e-06 1.730603e-13 5.804017e-16 4.048876e-16 1.963632e-15 8.002580e-13 5.922337e-14 8.569402e-13 7.705736e-12 3.179551e-13
1.400000e+01 1.412701e+07 1.323049e+08 3.010053e+06 4.523269e-15 1.264102e-06 1.730598e-13 5.891306e-16 4.062438e-16 1.963667e-15 8.403410e-13 5.643157e-14 8.589543e-13 7.705934e-12 3.180182e-13
1.500000e+01 9.716152e+06 1.247639e+08 2.889852e+06 8.942399e-16 1.255722e-06 1.726148e-13 5.990724e-16 4.077203e-16 1.963705e-15 4.047503e-13 5.484904e-14 8.650657e-13 7.705745e-12 3.180171e-13
1.600000e+01 4.834933e+06 1.230765e+08 3.192481e+06 4.244227e-16 1.264087e-06 1.730568e-13 6.103042e-16 4.093188e-16 1.963747e-15 9.160384e-13 5.437020e-14 8.753617e-13 7.705629e-12 3.180161e-13
1.700000e+01 2.010890e+06 1.527216e+08 3.298558e+06 3.025288e-16 1.255968e-06 1.730543e-13 6.229157e-16 4.110415e-16 1.963792e-15 4.391455e-13 5.496176e-14 4.079919e-13 7.705564e-12 3.180152e-13
1.800000e+01 4.828751e+05 1.242995e+08 3.273219e+06 2.618382e-16 1.264071e-06 1.730523e-13 6.370100e-16 4.128906e-16 1.963840e-15 9.672430e-13 5.665859e-14 8.857650e-13 7.705536e-12 3.180144e-13
1.900000e+01 1.486441e+05 1.629133e+08 3.380532e+06 2.513189e-16 1.255660e-06 1.730508e-13 6.527058e-16 4.148686e-16 1.963892e-15 9.882895e-13 1.330912e-14 8.857555e-13 7.705539e-12 3.179501e-13
2.000000e+01 1.922396e+04 1.520772e+08 3.342734e+06 2.607161e-16 1.264055e-06 1.730499e-13 6.701393e-16 4.169780e-16 1.963947e-15 1.014420e-12 5.430958e-14 8.899617e-13 7.705573e-12 3.180124e-13
2.100000e+01 1.173038e+03 1.864372e+08 3.301923e+06 2.991339e-16 1.255841e-06 1.730494e-13 6.894663e-16 4.192218e-16 1.960721e-15 4.963690e-13 5.049224e-14 8.984437e-13 7.705646e-12 3.180113e-13
2.200000e+01 6.897881e+05 1.727050e+08 3.255175e+06 4.137895e-16 1.264039e-06 1.730495e-13 7.108655e-16 4.216030e-16 1.963996e-15 1.057083e-12 4.785483e-14 4.172688e-13 7.705773e-12 3.180102e-13
2.300000e+01 7.662014e+02 1.998979e+08 3.074917e+06 8.459296e-16 1.256083e-06 1.730502e-13 7.345415e-16 4.241250e-16 1.963991e-15 1.073190e-12 1.033954e-14 4.232605e-13 7.705485e-12 3.180093e-13
2.400000e+01 9.070832e+03 1.876881e+08 3.106975e+06 4.003207e-15 1.264022e-06 1.730513e-13 7.607291e-16 4.267912e-16 1.963989e-15 1.094581e-12 3.854280e-14 8.777555e-13 7.705849e-12 3.180085e-13
2.500000e+01 4.423704e+04 2.535245e+08 3.041180e+06 1.163135e-13 1.264015e-06 1.730530e-13 7.896979e-16 4.296054e-16 1.963991e-15 1.121573e-12 3.272817e-14 8.562423e-13 7.705813e-12 3.180077e-13
2.600000e+01 1.141719e+05 1.793791e+08 2.708584e+06 1.719157e-10 1.264010e-06 1.730553e-13 8.217577e-16 4.325718e-16 1.963996e-15 1.154570e-12 2.828517e-14 8.392094e-13 7.705866e-12 3.180071e-13
2.700000e+01 2.569563e+05 2.493896e+08 2.695383e+06 3.752648e-15 1.255921e-06 1.730580e-13 8.572659e-16 4.356945e-16 1.964004e-15 1.194080e-12 2.486688e-14 3.928050e-13 7.705520e-12 3.180066e-13
2.800000e+01 4.319079e+05 2.188673e+08 2.462931e+06 2.176109e-08 1.264001e-06 1.730613e-13 8.966352e-16 4.389783e-16 1.964016e-15 1.240724e-12 2.222821e-14 7.965150e-13 7.705836e-12 3.180061e-13
2.900000e+01 6.563305e+05 2.058434e+08 2.131285e+06 4.004391e-08 1.263998e-06 1.730651e-13 9.403434e-16 4.424279e-16 1.964031e-15 1.295252e-12 2.019443e-14 7.713117e-13 7.705748e-12 3.180058e-13
3.000000e+01 1.167263e+06 2.050682e+08 1.820892e+06 3.681131e-15 1.263997e-06 1.730694e-13 9.889452e-16 4.460486e-16 1.964050e-15 1.358570e-12 1.864026e-14 7.503911e-13 7.705734e-12 3.180056e-13
3.100000e+01 1.585362e+06 2.117362e+08 1.434897e+06 7.012387e-09 1.255896e-06 1.730742e-13 1.043087e-15 4.498459e-16 1.964071e-15 1.431758e-12 3.943215e-15 7.334321e-13 7.705792e-12 3.180054e-13
3.200000e+01 2.242005e+06 1.902057e+08 1.063348e+06 1.900108e-13 1.260036e-06 1.730142e-13 1.064089e-15 4.478852e-16 1.963938e-15 1.319629e-12 1.237685e-14 6.331185e-13 7.705820e-12 3.179953e-13
3.300000e+01 5.664528e+06 1.677050e+08 6.318033e+05 7.163070e-14 1.255796e-06 1.730850e-13 1.167398e-15 4.578388e-16 1.964122e-15 1.605306e-12 1.137361e-14 7.071084e-13 7.705573e-12 3.180054e-13
3.400000e+01 2.593861e+06 2.173578e+08 3.165178e+06 6.950798e-15 1.263992e-06 1.730909e-13 1.238998e-15 4.620441e-16 1.964150e-15 1.707994e-12 9.299809e-15 6.974780e-13 7.705901e-12 3.180055e-13
3.500000e+01 1.102119e+07 1.300114e+08 6.393048e+05 7.827019e-15 1.255581e-06 1.730974e-13 1.319449e-15 4.664484e-16 1.964182e-15 8.604083e-13 7.704524e-15 6.911468e-13 7.705825e-12 3.180056e-13
3.600000e+01 4.061628e+06 2.012660e+08 1.077783e+06 8.463359e-14 1.263986e-06 1.731043e-13 1.410080e-15 4.710588e-16 1.964218e-15 1.912370e-12 6.462718e-15 6.880233e-13 7.705840e-12 3.180059e-13
3.700000e+01 1.930344e+07 1.956180e+08 1.585667e+06 3.822116e-11 1.256015e-06 1.726632e-13 1.512470e-15 4.758829e-16 1.964256e-15 2.012601e-12 5.485349e-15 6.880627e-13 7.705948e-12 3.179429e-13
3.800000e+01 1.283880e+07 1.320706e+08 1.862444e+06 3.334308e-05 1.263981e-06 1.731162e-13 1.628501e-15 4.809288e-16 1.964299e-15 2.128643e-12 4.708196e-15 6.912664e-13 7.706172e-12 3.180061e-13
3.900000e+01 1.559465e+07 1.766915e+08 2.350106e+06 2.732196e-05 1.255728e-06 1.731211e-13 1.760425e-15 4.862050e-16 1.964344e-15 2.262674e-12 4.084378e-15 6.976813e-13 7.706012e-12 3.180060e-13
4.000000e+01 1.895922e+07 1.326810e+08 2.514425e+06 8.914407e+00 1.263975e-06 1.731266e-13 1.910952e-15 4.917207e-16 1.964393e-15 2.417305e-12 3.579281e-15 7.074015e-13 7.706124e-12 3.180061e-13
4.100000e+01 3.259898e+07 1.749295e+08 2.981183e+06 1.862623e+03 1.255607e-06 1.726757e-13 7.002184e-16 4.974855e-16 1.964445e-15 1.202197e-12 3.167074e-15 7.205705e-13 7.706015e-12 3.179424e-13
4.200000e+01 2.527561e+07 1.369931e+08 3.011725e+06 1.908607e+03 1.263969e-06 1.731354e-13 2.085539e-15 5.035096e-16 1.964501e-15 2.730101e-12 2.828281e-15 7.373851e-13 7.706161e-12 3.180058e-13
4.300000e+01 3.700759e+07 1.730315e+08 3.189501e+06 3.022882e+01 1.255855e-06 1.726793e-13 2.097154e-15 5.098040e-16 1.964560e-15 2.886343e-12 2.548084e-15 7.581004e-13 7.705934e-12 3.180055e-13
4.400000e+01 3.474204e+07 1.322613e+08 3.368732e+06 2.640169e+00 1.260002e-06 1.730735e-13 2.008681e-15 5.081186e-16 1.964464e-15 2.627556e-12 2.143193e-15 6.844668e-13 7.705706e-12 3.179952e-13
4.500000e+01 3.308439e+07 1.500695e+08 3.411765e+06 5.327431e-08 1.255922e-06 1.731391e-13 2.139932e-15 5.230408e-16 1.964685e-15 1.541640e-12 2.102188e-15 8.087375e-13 7.705690e-12 3.180051e-13
4.600000e+01 2.917729e+07 1.258134e+08 3.498688e+06 2.305796e-06 1.263952e-06 1.731398e-13 2.171593e-15 5.300023e-16 1.964751e-15 3.397573e-12 1.923777e-15 8.392172e-13 7.705622e-12 3.180051e-13
4.700000e+01 3.270734e+07 1.425931e+08 3.499983e+06 1.302511e-11 1.255004e-06 1.726677e-13 7.161873e-16 5.372784e-16 1.961412e-15 1.616073e-12 1.773703e-15 3.971151e-13 7.705603e-12 3.180051e-13
4.800000e+01 2.659103e+07 1.330670e+08 3.605520e+06 9.433716e-14 1.263940e-06 1.731390e-13 2.073151e-15 5.448833e-16 1.964821e-15 3.655321e-12 1.647113e-15 3.955259e-13 7.705628e-12 3.180052e-13
4.900000e+01 3.912671e+07 1.817622e+08 3.686256e+06 3.161426e-14 1.263935e-06 1.731374e-13 1.950075e-15 5.528321e-16 1.964825e-15 3.773148e-12 1.540167e-15 8.904866e-13 7.705704e-12 3.180054e-13
5.000000e+01 2.489546e+07 1.362184e+08 3.524328e+06 2.680843e-13 1.263932e-06 1.731364e-13 1.842306e-15 5.611411e-16 1.964832e-15 3.915680e-12 1.449813e-15 8.925993e-13 7.705845e-12 3.180057e-13
5.100000e+01 2.567306e+07 1.639982e+08 3.632019e+06 7.512936e-10 1.255555e-06 1.726752e-13 1.747878e-15 5.698274e-16 1.964843e-15 1.793212e-12 1.373613e-15 8.989907e-13 7.705577e-12 3.180061e-13
5.200000e+01 2.909624e+07 1.667893e+08 3.676071e+06 9.847159e-09 1.259968e-06 1.730669e-13 1.582686e-15 5.677007e-16 1.964698e-15 3.526224e-12 1.228853e-15 7.867741e-13 7.705876e-12 3.179965e-13
5.300000e+01 2.657505e+07 1.751448e+08 3.757529e+06 1.018050e-04 1.259965e-06 1.730632e-13 1.508864e-15 5.764490e-16 1.964712e-15 3.597609e-12 1.172107e-15 7.949594e-13 7.705804e-12 3.179970e-13
5.400000e+01 2.440395e+07 1.798655e+08 3.666369e+06 9.381678e-06 1.255838e-06 1.731249e-13 1.511202e-15 5.975146e-16 1.964885e-15 4.362817e-12 1.188663e-15 9.315221e-13 7.705850e-12 3.179428e-13
5.500000e+01 2.615272e+07 1.917904e+08 4.058949e+06 9.132381e+00 1.259956e-06 1.730564e-13 1.376801e-15 5.946157e-16 1.964744e-15 3.764507e-12 1.071859e-15 8.153363e-13 7.705762e-12 3.179975e-13
5.600000e+01 3.038435e+07 1.736813e+08 3.746507e+06 2.637323e-01 1.263912e-06 1.731187e-13 1.382007e-15 2.220593e-16 1.964920e-15 4.607391e-12 1.090445e-15 9.628987e-13 7.705899e-12 3.180075e-13
5.700000e+01 2.563509e+07 1.730073e+08 3.841093e+06 5.691040e-03 1.263909e-06 1.731161e-13 1.326430e-15 6.140804e-16 1.964941e-15 4.760721e-12 1.049949e-15 9.836925e-13 7.705513e-12 3.180076e-13
5.800000e+01 3.248997e+07 1.919342e+08 4.065792e+06 4.475367e+03 1.263907e-06 1.731140e-13 1.277627e-15 6.111634e-16 1.964966e-15 4.946335e-12 1.016406e-15 1.009818e-12 7.705808e-12 3.180078e-13
5.900000e+01 2.695167e+07 1.624226e+08 3.784111e+06 8.076323e-04 1.255362e-06 1.726463e-13 1.234912e-15 6.085510e-16 1.964994e-15 2.094184e-12 9.891261e-16 4.310854e-13 7.705677e-12 3.180080e-13
6.000000e+01 3.206938e+07 1.716999e+08 3.824987e+06 2.857546e-03 1.263907e-06 1.731076e-13 1.197703e-15 6.062386e-16 1.965026e-15 5.287329e-12 9.675728e-16 1.051447e-12 7.705606e-12 3.180084e-13
6.100000e+01 2.702328e+07 1.698670e+08 3.713585e+06 2.688651e-07 1.255682e-06 1.731034e-13 1.165513e-15 6.042221e-16 1.961761e-15 2.235721e-12 9.513385e-16 1.066496e-12 7.705581e-12 3.180089e-13
6.200000e+01 2.359130e+07 1.215802e+08 3.504008e+06 1.125677e-06 1.263906e-06 1.730996e-13 1.137932e-15 6.024982e-16 1.965029e-15 5.486816e-12 9.401309e-16 1.087086e-12 7.705595e-12 3.180094e-13
6.300000e+01 2.368232e+07 1.367789e+08 3.517621e+06 1.289014e-11 1.255809e-06 1.730964e-13 1.114621e-15 6.010640e-16 1.965001e-15 2.294812e-12 9.337618e-16 1.113550e-12 7.705654e-12 3.179477e-13
6.400000e+01 2.296439e+07 1.093390e+08 3.359596e+06 1.441565e-13 1.263904e-06 1.730938e-13 1.095301e-15 5.999173e-16 1.964976e-15 5.537595e-12 9.321425e-16 1.146323e-12 7.705767e-12 3.180103e-13
6.500000e+01 1.693996e+07 1.121016e+08 3.303682e+06 9.452325e-14 1.255759e-06 1.730916e-13 1.079750e-15 5.990565e-16 1.964954e-15 5.541188e-12 9.352807e-16 4.711854e-13 7.705455e-12 3.179479e-13
6.600000e+01 1.547084e+07 9.540184e+07 3.236338e+06 2.992928e-12 1.263903e-06 1.730900e-13 1.067792e-15 5.984805e-16 1.964936e-15 5.576076e-12 9.432841e-16 1.201657e-12 7.705800e-12 3.180102e-13
6.700000e+01 1.268053e+07 9.724295e+07 3.001225e+06 8.609275e-08 1.255779e-06 1.730889e-13 1.059301e-15 5.981889e-16 1.964922e-15 2.212251e-12 9.563659e-16 4.637164e-13 7.705726e-12 3.180100e-13
6.800000e+01 1.433204e+07 1.138433e+08 3.180532e+06 3.399278e-16 1.263901e-06 1.730883e-13 1.054193e-15 5.981819e-16 1.964911e-15 5.602707e-12 9.748576e-16 1.219851e-12 7.705722e-12 3.180100e-13
